business_id,name,address,city,state,postal_code,latitude,longitude,stars,review_count,is_open,attributes,categories,hours,general_category
aIp7D41qhB-FgfBmYUgQTw,Ka'Moon,111 S Independence Mall E,Philadelphia,PA,19106,39.949663,-75.148134,4.5,33,0,"{'Caters': 'True', 'RestaurantsTakeOut': 'True', 'GoodForMeal': ""{'dessert': False, 'latenight': False, 'lunch': False, 'dinner': False, 'brunch': False, 'breakfast': False}"", 'Ambience': ""{'touristy': False, 'hipster': False, 'romantic': False, 'divey': False, 'intimate': False, 'trendy': False, 'upscale': False, 'classy': False, 'casual': False}"", 'BusinessParking': ""{'garage': False, 'street': False, 'validated': False, 'lot': False, 'valet': False}"", 'WheelchairAccessible': 'True', 'HappyHour': 'True', 'RestaurantsTableService': 'False', 'RestaurantsDelivery': 'None', 'RestaurantsAttire': ""u'casual'"", 'RestaurantsReservations': 'False', 'HasTV': 'True', 'BusinessAcceptsCreditCards': 'True'}","Restaurants, Egyptian, Vegan, Middle Eastern, Vegetarian, Halal, Wraps","{'Monday': '11:0-19:0', 'Tuesday': '11:0-19:0', 'Wednesday': '11:0-19:0', 'Thursday': '11:0-19:0', 'Friday': '11:0-21:0', 'Saturday': '11:0-21:0', 'Sunday': '11:0-18:0'}",Restaurants
oQ1RYrpB4Vf821L-LXg-eQ,Wong Wong Chinese Restaurant,941 Race St,Philadelphia,PA,19107,39.9556016,-75.155701,3.5,143,0,"{'RestaurantsTakeOut': 'True', 'BusinessAcceptsCreditCards': 'True', 'HasTV': 'False', 'OutdoorSeating': 'False', 'RestaurantsGoodForGroups': 'True', 'RestaurantsAttire': ""'casual'"", 'GoodForKids': 'True', 'WiFi': ""u'no'"", 'RestaurantsReservations': 'False', 'Alcohol': ""u'none'"", 'RestaurantsDelivery': 'False', 'NoiseLevel': ""u'average'"", 'BusinessParking': ""{'garage': False, 'street': True, 'validated': False, 'lot': False, 'valet': False}"", 'RestaurantsPriceRange2': '1', 'Caters': 'True', 'GoodForMeal': ""{'dessert': False, 'latenight': False, 'lunch': True, 'dinner': True, 'brunch': False, 'breakfast': False}"", 'BikeParking': 'True', 'Ambience': ""{'romantic': False, 'intimate': False, 'classy': False, 'hipster': False, 'divey': False, 'touristy': False, 'trendy': False, 'upscale': False, 'casual': True}""}","Chinese, Restaurants",,Restaurants
QWZuvqTYTMncVdhulUU73A,Miel Patisserie,204 S 17th St,Philadelphia,PA,19103,39.9497118,-75.169361,3.5,432,1,"{'BusinessParking': ""{'garage': False, 'street': True, 'validated': False, 'lot': False, 'valet': False}"", 'RestaurantsPriceRange2': '2', 'BikeParking': 'True', 'WiFi': ""u'free'"", 'OutdoorSeating': 'True', 'Alcohol': ""'none'"", 'BusinessAcceptsCreditCards': 'True', 'RestaurantsTakeOut': 'True', 'RestaurantsDelivery': 'True', 'Caters': 'True'}","Desserts, Chocolatiers & Shops, Food, Restaurants, Bakeries, Specialty Food, Coffee & Tea","{'Monday': '7:0-19:0', 'Tuesday': '7:0-19:0', 'Wednesday': '7:0-19:0', 'Thursday': '7:0-19:0', 'Friday': '7:0-19:0', 'Saturday': '8:0-19:0', 'Sunday': '9:0-18:0'}",Restaurants
e0M-5mblsuda0syws5R68g,Common Wealth Old City,319 Market St,Philadelphia,PA,19106,39.9504125,-75.1463381,3.5,221,0,"{'BikeParking': 'True', 'Alcohol': ""u'full_bar'"", 'RestaurantsAttire': ""'casual'"", 'Caters': 'True', 'DogsAllowed': 'False', 'GoodForMeal': ""{'dessert': False, 'latenight': False, 'lunch': True, 'dinner': True, 'brunch': True, 'breakfast': False}"", 'HasTV': 'True', 'RestaurantsTakeOut': 'True', 'BusinessParking': ""{'garage': False, 'street': True, 'validated': False, 'lot': False, 'valet': False}"", 'OutdoorSeating': 'True', 'WiFi': ""u'free'"", 'RestaurantsReservations': 'True', 'GoodForKids': 'True', 'Ambience': ""{'touristy': False, 'hipster': False, 'romantic': False, 'divey': False, 'intimate': False, 'trendy': True, 'upscale': False, 'classy': True, 'casual': True}"", 'RestaurantsTableService': 'True', 'RestaurantsGoodForGroups': 'True', 'NoiseLevel': ""u'average'"", 'BusinessAcceptsBitcoin': 'False', 'RestaurantsDelivery': 'True', 'RestaurantsPriceRange2': '2', 'WheelchairAccessible': 'True', 'HappyHour': 'True', 'BusinessAcceptsCreditCards': 'True'}","Gastropubs, Restaurants, American (New), Seafood","{'Monday': '0:0-0:0', 'Tuesday': '16:0-22:0', 'Wednesday': '16:0-22:0', 'Thursday': '16:0-22:0', 'Friday': '16:0-22:0', 'Saturday': '16:0-22:0', 'Sunday': '9:0-16:0'}",Restaurants
dChRGpit9fM_kZK5pafNyA,The Love,130 S 18th St,Philadelphia,PA,19103,39.9506555,-75.1708991,4.0,618,1,"{'BusinessAcceptsCreditCards': 'True', 'RestaurantsReservations': 'True', 'HasTV': 'False', 'GoodForMeal': ""{'dessert': True, 'latenight': None, 'lunch': True, 'dinner': True, 'brunch': True, 'breakfast': None}"", 'RestaurantsGoodForGroups': 'True', 'BusinessParking': ""{'garage': False, 'street': True, 'validated': False, 'lot': False, 'valet': False}"", 'RestaurantsAttire': ""u'casual'"", 'NoiseLevel': ""u'average'"", 'Ambience': ""{'touristy': False, 'hipster': False, 'romantic': True, 'divey': False, 'intimate': True, 'trendy': True, 'upscale': False, 'classy': True, 'casual': False}"", 'Caters': 'False', 'DogsAllowed': 'False', 'RestaurantsTableService': 'True', 'Alcohol': ""u'full_bar'"", 'BikeParking': 'True', 'HappyHour': 'True', 'RestaurantsTakeOut': 'True', 'WiFi': ""'no'"", 'GoodForKids': 'False', 'RestaurantsDelivery': 'True', 'OutdoorSeating': 'True', 'RestaurantsPriceRange2': '2'}","Restaurants, American (New), Breakfast & Brunch, Burgers","{'Monday': '0:0-0:0', 'Tuesday': '17:0-21:0', 'Wednesday': '17:0-21:0', 'Thursday': '17:0-21:0', 'Friday': '16:0-21:0', 'Saturday': '16:0-22:0', 'Sunday': '16:0-21:0'}",Restaurants
vDRbIZgQkohfjt2ctVLn1w,Coquette Bistro,700 S 5th St,Philadelphia,PA,19147,39.9407654,-75.150985,3.0,19,0,"{'RestaurantsGoodForGroups': 'True', 'RestaurantsReservations': 'True', 'BusinessParking': ""{'garage': False, 'street': True, 'validated': False, 'lot': False, 'valet': False}"", 'RestaurantsTakeOut': 'True', 'RestaurantsDelivery': 'None', 'RestaurantsPriceRange2': '2', 'RestaurantsAttire': ""u'casual'"", 'Alcohol': ""'full_bar'"", 'BusinessAcceptsCreditCards': 'True', 'OutdoorSeating': 'True', 'GoodForKids': 'False', 'GoodForMeal': ""{'dessert': False, 'latenight': False, 'lunch': False, 'dinner': True, 'brunch': False, 'breakfast': False}"", 'HappyHour': 'True', 'RestaurantsTableService': 'True'}","American (New), Restaurants","{'Monday': '17:0-22:0', 'Tuesday': '17:0-22:0', 'Wednesday': '17:0-22:0', 'Thursday': '17:0-22:0', 'Friday': '17:0-23:0', 'Saturday': '17:0-23:0', 'Sunday': '17:0-22:0'}",Restaurants
6ajnOk0GcY9xbb5Ocaw8Gw,Barbuzzo,110 S 13th St,Philadelphia,PA,19107,39.950007,-75.1621577,4.5,2893,1,"{'WiFi': ""u'no'"", 'Caters': 'False', 'RestaurantsPriceRange2': '2', 'NoiseLevel': ""u'average'"", 'GoodForKids': 'False', 'RestaurantsGoodForGroups': 'False', 'RestaurantsReservations': 'True', 'RestaurantsTableService': 'True', 'GoodForMeal': ""{'dessert': None, 'latenight': None, 'lunch': None, 'dinner': True, 'brunch': False, 'breakfast': False}"", 'BikeParking': 'True', 'Alcohol': ""u'full_bar'"", 'HasTV': 'True', 'RestaurantsAttire': ""u'casual'"", 'BusinessAcceptsCreditCards': 'True', 'HappyHour': 'True', 'RestaurantsDelivery': 'True', 'DogsAllowed': 'False', 'OutdoorSeating': 'True', 'Ambience': ""{'touristy': False, 'hipster': None, 'romantic': None, 'divey': False, 'intimate': None, 'trendy': True, 'upscale': False, 'classy': True, 'casual': None}"", 'RestaurantsTakeOut': 'True', 'BusinessParking': ""{u'valet': False, u'garage': True, u'street': True, u'lot': False, u'validated': False}""}","Mediterranean, Restaurants, Pizza, Italian","{'Monday': '17:0-22:0', 'Tuesday': '17:0-22:0', 'Wednesday': '17:0-22:0', 'Thursday': '17:0-23:0', 'Friday': '17:0-23:0', 'Saturday': '17:0-23:0', 'Sunday': '16:0-22:0'}",Restaurants
MMs3kznm5GqTlie0vTnYzg,Antney's Grub,2655 S Juniper St,Philadelphia,PA,19148,39.9168348,-75.1701028491,3.5,19,0,"{'OutdoorSeating': 'True', 'GoodForKids': 'True', 'RestaurantsAttire': ""'casual'"", 'BusinessAcceptsCreditCards': 'True', 'RestaurantsReservations': 'False', 'NoiseLevel': ""u'quiet'"", 'GoodForMeal': ""{'dessert': False, 'latenight': False, 'lunch': False, 'dinner': False, 'brunch': False, 'breakfast': False}"", 'Alcohol': ""'none'"", 'RestaurantsDelivery': 'True', 'RestaurantsTableService': 'False', 'RestaurantsPriceRange2': '1', 'RestaurantsGoodForGroups': 'True', 'BusinessParking': ""{'garage': False, 'street': True, 'validated': None, 'lot': False, 'valet': False}"", 'BikeParking': 'False', 'Ambience': ""{'touristy': None, 'hipster': None, 'romantic': None, 'divey': None, 'intimate': None, 'trendy': None, 'upscale': None, 'classy': None, 'casual': True}"", 'HasTV': 'True', 'RestaurantsTakeOut': 'True'}","Restaurants, Italian, Sandwiches, American (New)","{'Monday': '7:0-22:0', 'Tuesday': '7:0-22:0', 'Wednesday': '7:0-22:0', 'Thursday': '7:0-22:0', 'Friday': '7:0-1:0', 'Saturday': '7:0-1:0', 'Sunday': '10:0-22:0'}",Restaurants
yB2OawAQ_U8qwv7gu1huMg,Five Guys,1527 Chestnut St,Philadelphia,PA,19102,39.9512973,-75.1665774,3.5,208,1,"{'GoodForKids': 'True', 'RestaurantsReservations': 'False', 'Ambience': ""{'romantic': False, 'intimate': False, 'touristy': False, 'hipster': False, 'divey': False, 'classy': False, 'trendy': False, 'upscale': False, 'casual': True}"", 'RestaurantsTakeOut': 'True', 'OutdoorSeating': 'False', 'RestaurantsGoodForGroups': 'True', 'Corkage': 'False', 'WiFi': ""u'no'"", 'RestaurantsAttire': ""'casual'"", 'BusinessAcceptsCreditCards': 'True', 'HasTV': 'False', 'BYOBCorkage': ""'no'"", 'BusinessParking': ""{'garage': False, 'street': False, 'validated': False, 'lot': True, 'valet': False}"", 'Alcohol': ""'none'"", 'Caters': 'False', 'RestaurantsDelivery': 'True', 'NoiseLevel': ""u'average'"", 'GoodForMeal': ""{'dessert': False, 'latenight': False, 'lunch': True, 'dinner': False, 'brunch': False, 'breakfast': False}"", 'DriveThru': 'False', 'RestaurantsPriceRange2': '2', 'BikeParking': 'True', 'DogsAllowed': 'False'}","Restaurants, Sandwiches, Fast Food, American (New), Burgers","{'Monday': '0:0-0:0', 'Tuesday': '11:0-22:0', 'Wednesday': '11:0-22:0', 'Thursday': '11:0-22:0', 'Friday': '11:0-16:0', 'Saturday': '11:0-22:0', 'Sunday': '11:0-22:0'}",Restaurants
vg3JmN8hAiOV1suoxTi1yA,Domino's Pizza,401 N 21st St,Philadelphia,PA,19130,39.962797,-75.172945,2.0,81,1,"{'RestaurantsReservations': 'False', 'RestaurantsDelivery': 'True', 'RestaurantsGoodForGroups': 'True', 'Alcohol': ""u'none'"", 'BikeParking': 'False', 'Caters': 'True', 'WiFi': ""u'no'"", 'NoiseLevel': ""u'average'"", 'GoodForKids': 'True', 'BusinessAcceptsCreditCards': 'True', 'RestaurantsTakeOut': 'True', 'RestaurantsAttire': ""u'casual'"", 'OutdoorSeating': 'True', 'HasTV': 'True', 'RestaurantsPriceRange2': '1'}","Pizza, Restaurants, Chicken Wings, Sandwiches","{'Monday': '10:0-2:0', 'Tuesday': '10:0-2:0', 'Wednesday': '10:0-2:0', 'Thursday': '10:0-2:0', 'Friday': '10:0-4:0', 'Saturday': '10:0-4:0', 'Sunday': '10:0-2:0'}",Restaurants
VBJenKqcBasewkS7PoLOWA,Taco Bell,2809 S. Front St,Philadelphia,PA,19148,39.9115533508,-75.1501093905,1.5,15,1,{'RestaurantsDelivery': 'True'},"Mexican, Tacos, Fast Food, Restaurants","{'Monday': '8:0-0:0', 'Tuesday': '8:0-0:0', 'Wednesday': '8:0-0:0', 'Thursday': '8:0-0:0', 'Friday': '8:0-0:0', 'Saturday': '8:0-0:0', 'Sunday': '8:0-0:0'}",Restaurants
yeoutv6FkWfpvRED-Rz7Wg,South Side Pizza,740 Mifflin St,Philadelphia,PA,19148,39.9253687,-75.1591098,3.0,29,1,"{'RestaurantsAttire': ""u'casual'"", 'RestaurantsTakeOut': 'True', 'RestaurantsPriceRange2': '1', 'Alcohol': ""u'none'"", 'NoiseLevel': ""u'average'"", 'HasTV': 'False', 'OutdoorSeating': 'False', 'Caters': 'True', 'RestaurantsGoodForGroups': 'False', 'BikeParking': 'False', 'BusinessParking': ""{'garage': False, 'street': True, 'validated': False, 'lot': False, 'valet': False}"", 'RestaurantsDelivery': 'True', 'BusinessAcceptsCreditCards': 'True', 'RestaurantsReservations': 'False', 'WiFi': ""u'no'"", 'Ambience': ""{'romantic': False, 'intimate': False, 'touristy': False, 'hipster': False, 'divey': False, 'classy': False, 'trendy': False, 'upscale': False, 'casual': False}"", 'GoodForKids': 'True'}","Restaurants, Pizza","{'Monday': '11:0-23:30', 'Tuesday': '11:0-23:30', 'Wednesday': '11:0-23:30', 'Thursday': '11:0-23:30', 'Friday': '11:0-0:30', 'Saturday': '11:0-0:30', 'Sunday': '12:0-23:0'}",Restaurants
tcvNBC65Gsa4cH1_gyucpQ,Noord,1046 Tasker St,Philadelphia,PA,19148,39.92966,-75.163003,4.5,396,1,"{'BikeParking': 'True', 'RestaurantsAttire': ""u'casual'"", 'GoodForKids': 'False', 'RestaurantsReservations': 'True', 'RestaurantsPriceRange2': '3', 'RestaurantsTableService': 'True', 'BusinessAcceptsCreditCards': 'True', 'Caters': 'False', 'BusinessParking': ""{'garage': False, 'street': True, 'validated': False, 'lot': False, 'valet': False}"", 'RestaurantsGoodForGroups': 'True', 'DogsAllowed': 'False', 'NoiseLevel': ""u'average'"", 'OutdoorSeating': 'True', 'WiFi': ""u'no'"", 'Ambience': ""{'touristy': False, 'hipster': False, 'romantic': False, 'divey': False, 'intimate': True, 'trendy': False, 'upscale': False, 'classy': True, 'casual': False}"", 'Alcohol': ""u'none'"", 'HasTV': 'True', 'GoodForMeal': ""{'dessert': False, 'latenight': False, 'lunch': False, 'dinner': True, 'brunch': None, 'breakfast': False}"", 'RestaurantsTakeOut': 'True', 'RestaurantsDelivery': 'False'}","Scandinavian, Restaurants, American (New)","{'Monday': '0:0-0:0', 'Friday': '17:0-21:0', 'Saturday': '17:0-21:0', 'Sunday': '17:0-20:0'}",Restaurants
0yN1rxCrEKqQIUk-nqyWVw,Subway,714 Market St,Philadelphia,PA,19106,39.9508785,-75.1528953034,3.0,10,0,"{'GoodForKids': 'True', 'RestaurantsPriceRange2': '1', 'RestaurantsReservations': 'False', 'WiFi': ""u'no'"", 'Caters': 'True', 'OutdoorSeating': 'False', 'NoiseLevel': ""u'average'"", 'BikeParking': 'True', 'RestaurantsTakeOut': 'True', 'BusinessAcceptsCreditCards': 'True', 'GoodForMeal': ""{'dessert': False, 'latenight': False, 'lunch': False, 'dinner': False, 'brunch': False, 'breakfast': False}"", 'Alcohol': ""u'none'"", 'RestaurantsAttire': ""u'casual'"", 'Ambience': ""{'romantic': False, 'intimate': False, 'classy': False, 'hipster': False, 'divey': False, 'touristy': False, 'trendy': False, 'upscale': False, 'casual': False}"", 'RestaurantsDelivery': 'True', 'DriveThru': 'False', 'RestaurantsGoodForGroups': 'True', 'BusinessParking': ""{'garage': False, 'street': False, 'validated': False, 'lot': False, 'valet': False}"", 'HasTV': 'True'}","Restaurants, Fast Food, Sandwiches","{'Monday': '0:0-0:0', 'Tuesday': '8:0-18:0', 'Wednesday': '8:0-16:0', 'Thursday': '0:0-0:0', 'Friday': '10:0-16:0', 'Saturday': '10:0-16:0', 'Sunday': '10:0-16:0'}",Restaurants
5Y7cqSgUSfLwn7ulBeO_sA,Bluestone Lane - Philadelphia,1 S Penn Sq,Philadelphia,PA,19107,39.9513885876,-75.1631133975,4.0,88,1,"{'HasTV': 'True', 'RestaurantsPriceRange2': '2', 'RestaurantsReservations': 'False', 'RestaurantsTableService': 'False', 'Caters': 'True', 'NoiseLevel': ""u'average'"", 'OutdoorSeating': 'True', 'GoodForKids': 'False', 'GoodForMeal': ""{'dessert': False, 'latenight': False, 'lunch': True, 'dinner': False, 'brunch': True, 'breakfast': True}"", 'Alcohol': ""u'none'"", 'Ambience': ""{'touristy': False, 'hipster': False, 'romantic': False, 'divey': False, 'intimate': False, 'trendy': False, 'upscale': False, 'classy': False, 'casual': False}"", 'BusinessAcceptsCreditCards': 'True', 'RestaurantsAttire': ""u'casual'"", 'BikeParking': 'True', 'RestaurantsTakeOut': 'True', 'RestaurantsDelivery': 'True', 'RestaurantsGoodForGroups': 'True', 'WiFi': ""u'free'"", 'BusinessParking': ""{u'valet': False, u'garage': None, u'street': None, u'lot': False, u'validated': None}""}","Coffee & Tea, Breakfast & Brunch, Restaurants, Gluten-Free, Cafes, Food","{'Monday': '7:0-15:0', 'Tuesday': '7:0-15:0', 'Wednesday': '7:0-15:0', 'Thursday': '7:0-15:0', 'Friday': '7:0-13:0'}",Restaurants
QQUDUU_4bCu2BIeofxaY0Q,Pellicane's Nest,743 S 8th St,Philadelphia,PA,19147,39.940224,-75.15579,4.0,14,0,"{'RestaurantsPriceRange2': '1', 'RestaurantsTakeOut': 'True', 'BusinessAcceptsCreditCards': 'True', 'Ambience': ""{'romantic': False, 'intimate': False, 'classy': False, 'hipster': False, 'divey': False, 'touristy': False, 'trendy': False, 'upscale': False, 'casual': False}"", 'RestaurantsReservations': 'False', 'GoodForKids': 'True', 'RestaurantsTableService': 'False', 'NoiseLevel': ""'average'"", 'RestaurantsAttire': ""'casual'"", 'RestaurantsGoodForGroups': 'False', 'Alcohol': ""'none'"", 'RestaurantsDelivery': 'True', 'GoodForMeal': ""{'dessert': False, 'latenight': False, 'lunch': False, 'dinner': False, 'brunch': False, 'breakfast': False}"", 'BikeParking': 'True', 'HasTV': 'True', 'OutdoorSeating': 'False'}","Breakfast & Brunch, Diners, Cafes, Restaurants, Sandwiches",,Restaurants
ws8ltnaTw9MJuF6fZehOVQ,Traditional Szechuan,935 Arch St,Philadelphia,PA,19107,39.9537009,-75.1561045,3.0,46,0,"{'RestaurantsDelivery': 'True', 'BusinessAcceptsCreditCards': 'True', 'NoiseLevel': ""u'average'"", 'HasTV': 'False', 'RestaurantsTakeOut': 'True', 'RestaurantsPriceRange2': '2', 'WiFi': ""u'no'"", 'BusinessParking': ""{'garage': False, 'street': True, 'validated': False, 'lot': False, 'valet': False}"", 'GoodForKids': 'True', 'Alcohol': ""u'none'"", 'OutdoorSeating': 'False', 'RestaurantsGoodForGroups': 'True', 'Caters': 'False', 'Ambience': ""{'romantic': False, 'intimate': False, 'classy': False, 'hipster': False, 'divey': False, 'touristy': False, 'trendy': False, 'upscale': False, 'casual': True}"", 'GoodForMeal': ""{'dessert': False, 'latenight': False, 'lunch': True, 'dinner': False, 'brunch': False, 'breakfast': False}"", 'RestaurantsReservations': 'True', 'BikeParking': 'True', 'RestaurantsTableService': 'True', 'RestaurantsAttire': ""'casual'""}","Chinese, Szechuan, Food, Restaurants","{'Monday': '11:0-22:30', 'Tuesday': '11:0-22:30', 'Wednesday': '11:0-22:30', 'Thursday': '11:0-22:30', 'Friday': '11:0-23:0', 'Saturday': '11:0-23:0', 'Sunday': '11:0-23:0'}",Restaurants
GhJ0L2bavp3FjOF9C9ghdA,Pad Thai Shack,127 S 18th St,Philadelphia,PA,19103,39.950761,-75.170345,1.5,54,0,"{'RestaurantsAttire': ""'casual'"", 'BusinessParking': ""{'garage': False, 'street': True, 'validated': False, 'lot': False, 'valet': False}"", 'RestaurantsTakeOut': 'True', 'BusinessAcceptsCreditCards': 'True', 'HasTV': 'False', 'RestaurantsReservations': 'False', 'GoodForKids': 'False', 'RestaurantsPriceRange2': '1', 'Corkage': 'False', 'Caters': 'False', 'RestaurantsDelivery': 'False', 'RestaurantsGoodForGroups': 'False', 'BYOBCorkage': ""'yes_free'"", 'OutdoorSeating': 'False', 'GoodForMeal': ""{'dessert': False, 'latenight': False, 'lunch': True, 'dinner': False, 'brunch': False, 'breakfast': False}"", 'RestaurantsTableService': 'False', 'Alcohol': ""'none'""}","Thai, Restaurants",,Restaurants
Phde8iK9NVUClxBZnKuQyg,The Mulberry,1835 Arch St,Philadelphia,PA,19103,39.9556688,-75.1708177,3.0,6,1,"{'BestNights': ""{u'monday': False, u'tuesday': False, u'wednesday': False, u'thursday': False, u'friday': False, u'saturday': False, u'sunday': False}""}","American (Traditional), Pizza, Bars, Restaurants, Nightlife",,Restaurants
qrQV_pWhwPrti3Dlz1WVgw,IHOP,3 Snyder Ave,Philadelphia,PA,19148,39.92134,-75.14514,2.5,88,1,"{'RestaurantsReservations': 'False', 'RestaurantsTakeOut': 'True', 'OutdoorSeating': 'False', 'BikeParking': 'True', 'Caters': 'False', 'Alcohol': ""'none'"", 'BusinessAcceptsCreditCards': 'True', 'RestaurantsAttire': ""'casual'"", 'GoodForKids': 'True', 'HasTV': 'False', 'BusinessParking': ""{'garage': False, 'street': False, 'validated': False, 'lot': True, 'valet': False}"", 'RestaurantsGoodForGroups': 'True', 'HappyHour': 'False', 'CoatCheck': 'False', 'NoiseLevel': ""u'average'"", 'WiFi': ""'free'"", 'GoodForMeal': ""{'dessert': False, 'latenight': None, 'lunch': True, 'dinner': None, 'brunch': True, 'breakfast': True}"", 'ByAppointmentOnly': 'False', 'Ambience': ""{u'divey': False, u'hipster': False, u'casual': True, u'touristy': False, u'trendy': False, u'intimate': False, u'romantic': False, u'classy': False, u'upscale': None}"", 'RestaurantsPriceRange2': '2', 'RestaurantsDelivery': 'True'}","American (Traditional), American (New), Burgers, Restaurants, Breakfast & Brunch","{'Monday': '0:0-0:0', 'Tuesday': '7:0-20:0', 'Wednesday': '7:0-20:0', 'Thursday': '7:0-20:0', 'Friday': '7:0-20:0', 'Saturday': '7:0-20:0', 'Sunday': '6:0-15:30'}",Restaurants
bKppmYKQ_-9cpp2yziB-Qw,Lincoln Chicken Pizza And Grill,2614 W Girard Ave,Philadelphia,PA,19130,39.9738754,-75.1794242,2.5,20,1,"{'Ambience': ""{'romantic': False, 'intimate': False, 'classy': False, 'hipster': False, 'divey': False, 'touristy': False, 'trendy': False, 'upscale': False, 'casual': False}"", 'GoodForKids': 'True', 'RestaurantsGoodForGroups': 'True', 'OutdoorSeating': 'False', 'RestaurantsReservations': 'False', 'RestaurantsPriceRange2': '1', 'RestaurantsTakeOut': 'True', 'Alcohol': ""u'none'"", 'NoiseLevel': ""u'average'"", 'HasTV': 'True', 'BusinessAcceptsCreditCards': 'True', 'RestaurantsTableService': 'False', 'GoodForMeal': ""{'dessert': False, 'latenight': False, 'lunch': False, 'dinner': False, 'brunch': False, 'breakfast': False}"", 'RestaurantsAttire': ""u'casual'"", 'RestaurantsDelivery': 'True'}","Cheesesteaks, Chicken Wings, Restaurants, Pizza","{'Monday': '11:0-0:0', 'Tuesday': '11:0-0:0', 'Wednesday': '11:0-0:0', 'Thursday': '11:0-0:0', 'Friday': '11:0-0:0', 'Saturday': '11:0-0:0', 'Sunday': '11:0-0:0'}",Restaurants
BfQ4W2cNB2ZSd7yaAhE_BA,PHS Pop Up Garden,1438 South St,Philadelphia,PA,19146,39.943584,-75.1669,4.5,186,0,"{'BusinessAcceptsCreditCards': 'True', 'Alcohol': ""'full_bar'"", 'RestaurantsGoodForGroups': 'True', 'HasTV': 'False', 'NoiseLevel': ""u'very_loud'"", 'RestaurantsPriceRange2': '2', 'OutdoorSeating': 'True', 'GoodForKids': 'False', 'WheelchairAccessible': 'True', 'BikeParking': 'True', 'Ambience': ""{'touristy': False, 'hipster': True, 'romantic': False, 'divey': False, 'intimate': False, 'trendy': True, 'upscale': False, 'classy': True, 'casual': True}"", 'Smoking': ""u'no'"", 'CoatCheck': 'False', 'WiFi': ""u'no'"", 'HappyHour': 'True', 'BusinessAcceptsBitcoin': 'False', 'BestNights': ""{'monday': False, 'tuesday': False, 'friday': True, 'wednesday': True, 'thursday': False, 'sunday': False, 'saturday': True}"", 'BusinessParking': ""{u'valet': False, u'garage': None, u'street': None, u'lot': False, u'validated': False}"", 'ByAppointmentOnly': 'False', 'GoodForDancing': 'False', 'Music': ""{u'dj': False, u'live': False, u'jukebox': False, u'video': False, u'background_music': False, u'karaoke': False, u'no_music': False}""}","Parks, Active Life, Beer Gardens, Mexican, Local Flavor, Restaurants, Nightlife, Bars, Beer, Wine & Spirits, Food","{'Monday': '17:0-22:0', 'Tuesday': '17:0-22:0', 'Wednesday': '17:0-22:0', 'Thursday': '17:0-22:0', 'Friday': '12:0-0:0', 'Saturday': '12:0-0:0', 'Sunday': '12:0-22:0'}",Restaurants
tqBkgu2wyCjYBWuTQoy2aw,Orchard Smoothie and Cafe,1200  S Federal St,Philadelphia,PA,19146,39.9349405,-75.1636927,3.0,34,1,"{'RestaurantsTakeOut': 'True', 'RestaurantsDelivery': 'True', 'WiFi': ""u'free'""}","Cafes, Restaurants, Food, Juice Bars & Smoothies","{'Monday': '12:0-22:0', 'Tuesday': '12:0-22:0', 'Wednesday': '12:0-22:0', 'Thursday': '12:0-22:0', 'Friday': '12:0-22:0', 'Saturday': '12:0-22:0', 'Sunday': '12:0-22:0'}",Restaurants
NMtUD873aWrNjljt3VOcFA,Juniper Commons,521 S Broad St,Philadelphia,PA,19147,39.9440648,-75.1653273,3.5,63,0,"{'Ambience': ""{'romantic': False, 'intimate': False, 'classy': False, 'hipster': False, 'divey': False, 'touristy': False, 'trendy': True, 'upscale': False, 'casual': False}"", 'BusinessParking': ""{'garage': False, 'street': True, 'validated': False, 'lot': False, 'valet': False}"", 'RestaurantsTableService': 'True', 'BusinessAcceptsCreditCards': 'True', 'RestaurantsAttire': ""u'casual'"", 'RestaurantsGoodForGroups': 'True', 'RestaurantsDelivery': 'False', 'RestaurantsTakeOut': 'True', 'Caters': 'True', 'OutdoorSeating': 'False', 'WiFi': ""u'free'"", 'BikeParking': 'True', 'Alcohol': ""u'full_bar'"", 'RestaurantsPriceRange2': '3', 'RestaurantsReservations': 'True', 'HasTV': 'True', 'NoiseLevel': ""u'average'"", 'GoodForMeal': ""{'dessert': False, 'latenight': True, 'lunch': False, 'dinner': True, 'brunch': False, 'breakfast': False}"", 'HappyHour': 'True', 'GoodForKids': 'False'}","American (Traditional), Breakfast & Brunch, Restaurants, Diners","{'Monday': '17:0-22:0', 'Tuesday': '17:0-22:0', 'Wednesday': '17:0-22:0', 'Thursday': '17:0-22:0', 'Friday': '17:0-23:0', 'Saturday': '17:0-23:0', 'Sunday': '17:0-21:0'}",Restaurants
QdN72BWoyFypdGJhhI5r7g,Bar One,767 S 9th St,Philadelphia,PA,19147,39.9398245705,-75.1574465632,4.0,65,0,"{'Smoking': ""u'no'"", 'NoiseLevel': ""u'average'"", 'Caters': 'False', 'WiFi': ""u'free'"", 'RestaurantsGoodForGroups': 'True', 'Music': ""{'dj': False, 'background_music': False, 'no_music': False, 'jukebox': False, 'live': False, 'video': False, 'karaoke': False}"", 'OutdoorSeating': 'False', 'RestaurantsTableService': 'True', 'RestaurantsAttire': ""'casual'"", 'Ambience': ""{'touristy': False, 'hipster': True, 'romantic': None, 'divey': False, 'intimate': False, 'trendy': None, 'upscale': False, 'classy': None, 'casual': True}"", 'RestaurantsReservations': 'False', 'RestaurantsTakeOut': 'True', 'GoodForDancing': 'False', 'RestaurantsPriceRange2': '2', 'GoodForMeal': ""{'dessert': False, 'latenight': False, 'lunch': False, 'dinner': False, 'brunch': True, 'breakfast': False}"", 'GoodForKids': 'False', 'HappyHour': 'True', 'RestaurantsDelivery': 'True', 'BusinessParking': ""{'garage': None, 'street': True, 'validated': None, 'lot': False, 'valet': False}"", 'BikeParking': 'True', 'BusinessAcceptsCreditCards': 'True', 'HasTV': 'True', 'Alcohol': ""u'full_bar'""}","Cocktail Bars, Bars, Italian, Nightlife, Restaurants","{'Monday': '16:0-0:0', 'Tuesday': '16:0-0:0', 'Wednesday': '16:0-0:0', 'Thursday': '12:0-0:0', 'Friday': '12:0-2:0', 'Saturday': '11:0-2:0', 'Sunday': '11:0-0:0'}",Restaurants
8VsGdezAKZh8atZ0tmVskg,Amigo's Bakery,2327 S 12th St,Philadelphia,PA,19148,39.9207300556,-75.1668711662,4.5,23,1,"{'RestaurantsPriceRange2': '1', 'BusinessAcceptsCreditCards': 'True', 'BusinessParking': ""{'garage': False, 'street': True, 'validated': False, 'lot': False, 'valet': False}"", 'RestaurantsDelivery': 'True', 'BikeParking': 'False', 'Caters': 'True', 'WheelchairAccessible': 'True', 'RestaurantsTakeOut': 'True'}","Cupcakes, Patisserie/Cake Shop, Desserts, Restaurants, Food, Bakeries, Tex-Mex","{'Monday': '8:0-21:0', 'Tuesday': '8:0-21:0', 'Wednesday': '8:0-21:0', 'Thursday': '8:0-21:0', 'Friday': '8:0-21:0', 'Saturday': '8:0-21:0', 'Sunday': '8:0-21:0'}",Restaurants
rOh8NovXVn48p8I-ZYEpQA,sweetgreen,1821 Chestnut St,Philadelphia,PA,19103,39.9518677,-75.171174,4.0,213,1,"{'RestaurantsReservations': 'False', 'Alcohol': ""u'none'"", 'Ambience': ""{'touristy': False, 'hipster': None, 'romantic': False, 'divey': False, 'intimate': False, 'trendy': True, 'upscale': False, 'classy': False, 'casual': True}"", 'RestaurantsPriceRange2': '2', 'NoiseLevel': ""'average'"", 'RestaurantsGoodForGroups': 'True', 'BikeParking': 'True', 'Caters': 'True', 'RestaurantsDelivery': 'True', 'GoodForKids': 'True', 'BusinessParking': ""{'garage': None, 'street': True, 'validated': None, 'lot': False, 'valet': False}"", 'OutdoorSeating': 'False', 'BusinessAcceptsCreditCards': 'True', 'RestaurantsTableService': 'False', 'RestaurantsAttire': ""'casual'"", 'HasTV': 'True', 'WiFi': ""'free'"", 'RestaurantsTakeOut': 'True', 'GoodForMeal': ""{'dessert': False, 'latenight': False, 'lunch': True, 'dinner': False, 'brunch': False, 'breakfast': False}"", 'DogsAllowed': 'False'}","Vegan, Soup, Vegetarian, Salad, Restaurants","{'Monday': '0:0-0:0', 'Tuesday': '10:30-20:0', 'Wednesday': '10:30-20:0', 'Thursday': '10:30-20:0', 'Friday': '10:30-20:0', 'Saturday': '11:30-20:0', 'Sunday': '10:30-21:0'}",Restaurants
iEOd2yZQERtdOOlQjuukPg,Eclipse Hookah Lounge,"613 S 4th St, Fl 2",Philadelphia,PA,19147,39.9411183,-75.1490884,2.5,8,1,"{'OutdoorSeating': 'False', 'BusinessParking': ""{'garage': False, 'street': True, 'validated': False, 'lot': False, 'valet': False}"", 'BusinessAcceptsCreditCards': 'True', 'RestaurantsPriceRange2': '2', 'Alcohol': ""u'none'"", 'RestaurantsGoodForGroups': 'True', 'BikeParking': 'False', 'Ambience': ""{'romantic': False, 'intimate': False, 'classy': False, 'hipster': False, 'divey': False, 'touristy': False, 'trendy': False, 'upscale': False, 'casual': False}"", 'HasTV': 'True', 'NoiseLevel': ""u'very_loud'"", 'RestaurantsReservations': 'None'}","Lounges, Middle Eastern, Restaurants, Bars, Nightlife, Hookah Bars","{'Tuesday': '15:0-23:0', 'Wednesday': '15:0-23:0', 'Thursday': '15:0-23:0', 'Friday': '15:0-1:0', 'Saturday': '15:0-1:0', 'Sunday': '15:0-1:0'}",Restaurants
4SQ5uczVt66-GGGeNQRfEA,Rotten Ralph's,201 Chestnut St,Philadelphia,PA,19106,39.9484876,-75.1442086,2.5,200,0,"{'RestaurantsReservations': 'False', 'RestaurantsPriceRange2': '2', 'RestaurantsGoodForGroups': 'True', 'BusinessAcceptsCreditCards': 'True', 'BikeParking': 'True', 'HasTV': 'True', 'RestaurantsAttire': ""'casual'"", 'GoodForKids': 'False', 'Alcohol': ""'full_bar'"", 'OutdoorSeating': 'True', 'BusinessParking': ""{'garage': False, 'street': True, 'validated': False, 'lot': False, 'valet': False}"", 'Music': ""{'dj': False, 'background_music': False, 'no_music': False, 'jukebox': False, 'live': False, 'video': False, 'karaoke': False}"", 'RestaurantsTableService': 'True', 'GoodForDancing': 'False', 'WiFi': ""u'free'"", 'RestaurantsTakeOut': 'True', 'Ambience': ""{'touristy': False, 'hipster': False, 'romantic': False, 'divey': False, 'intimate': False, 'trendy': False, 'upscale': False, 'classy': False, 'casual': False}"", 'NoiseLevel': ""'average'"", 'GoodForMeal': ""{'dessert': False, 'latenight': False, 'lunch': False, 'dinner': False, 'brunch': False, 'breakfast': False}"", 'WheelchairAccessible': 'True', 'Caters': 'True', 'BestNights': ""{'monday': True, 'tuesday': False, 'friday': True, 'wednesday': False, 'thursday': False, 'sunday': False, 'saturday': True}"", 'CoatCheck': 'False', 'HappyHour': 'True', 'Smoking': ""u'no'"", 'RestaurantsDelivery': 'None'}","Nightlife, Restaurants, American (Traditional), Pubs, Bars","{'Monday': '11:0-1:30', 'Tuesday': '11:0-1:30', 'Wednesday': '11:0-1:30', 'Thursday': '11:0-1:30', 'Friday': '11:0-1:30', 'Saturday': '11:0-1:30', 'Sunday': '11:0-1:30'}",Restaurants
H3yoQNhw-AfdLIwScR1zXg,Divino Wine Bar,267 S 19th St,Philadelphia,PA,19103,39.9482333,-75.1726372,3.5,10,0,"{'RestaurantsGoodForGroups': 'True', 'RestaurantsReservations': 'True', 'BusinessAcceptsCreditCards': 'True', 'RestaurantsAttire': ""u'casual'"", 'GoodForKids': 'False', 'RestaurantsTakeOut': 'True', 'RestaurantsPriceRange2': '2', 'Alcohol': ""u'full_bar'"", 'RestaurantsDelivery': 'False', 'OutdoorSeating': 'True', 'BusinessParking': ""{'garage': False, 'street': True, 'validated': False, 'lot': False, 'valet': False}"", 'HappyHour': 'True'}","Italian, Wine Bars, Restaurants, Bars, Nightlife, Pizza",,Restaurants
LgAuYz5cQe3zTxuteJ4VyQ,Fuel Center City,1225 Walnut St,Philadelphia,PA,19107,39.949130566,-75.1616937821,3.5,432,1,"{'Caters': 'True', 'RestaurantsGoodForGroups': 'True', 'Alcohol': ""u'none'"", 'RestaurantsAttire': ""u'casual'"", 'BikeParking': 'True', 'RestaurantsReservations': 'False', 'RestaurantsPriceRange2': '2', 'GoodForKids': 'True', 'RestaurantsDelivery': 'True', 'RestaurantsTakeOut': 'True', 'NoiseLevel': ""u'average'"", 'RestaurantsTableService': 'False', 'OutdoorSeating': 'True', 'WheelchairAccessible': 'True', 'BusinessAcceptsCreditCards': 'True', 'Ambience': ""{'touristy': False, 'hipster': None, 'romantic': False, 'divey': False, 'intimate': False, 'trendy': None, 'upscale': False, 'classy': False, 'casual': True}"", 'HappyHour': 'True', 'WiFi': ""'free'"", 'BusinessParking': ""{'garage': False, 'street': True, 'validated': False, 'lot': False, 'valet': False}"", 'HasTV': 'True', 'GoodForMeal': ""{'dessert': False, 'latenight': False, 'lunch': True, 'dinner': False, 'brunch': False, 'breakfast': False}""}","Sandwiches, Restaurants, Cafes, Vegetarian","{'Monday': '11:0-21:0', 'Tuesday': '11:0-21:0', 'Wednesday': '11:0-21:0', 'Thursday': '11:0-21:0', 'Friday': '11:0-21:0', 'Saturday': '11:0-20:0', 'Sunday': '11:0-20:0'}",Restaurants
QUSctIF_D2yv_NJeokhXFw,Condesa,1830 Ludlow St,Philadelphia,PA,19103,39.9524637,-75.171228,4.0,117,1,"{'BYOB': 'False', 'Corkage': 'True', 'HasTV': 'False', 'RestaurantsPriceRange2': '2', 'Alcohol': ""u'full_bar'"", 'RestaurantsReservations': 'True', 'GoodForMeal': ""{'dessert': None, 'latenight': None, 'lunch': None, 'dinner': True, 'brunch': None, 'breakfast': None}"", 'RestaurantsAttire': ""u'casual'"", 'Ambience': ""{'touristy': False, 'hipster': False, 'romantic': False, 'divey': False, 'intimate': False, 'trendy': False, 'upscale': False, 'classy': True, 'casual': False}"", 'Caters': 'False', 'BusinessParking': ""{'garage': True, 'street': False, 'validated': False, 'lot': False, 'valet': False}"", 'BusinessAcceptsCreditCards': 'True', 'BestNights': ""{'monday': False, 'tuesday': False, 'friday': False, 'wednesday': False, 'thursday': True, 'sunday': False, 'saturday': True}"", 'RestaurantsGoodForGroups': 'True', 'RestaurantsDelivery': 'False', 'RestaurantsTakeOut': 'True', 'CoatCheck': 'True', 'DriveThru': 'False', 'OutdoorSeating': 'True', 'RestaurantsTableService': 'True', 'BusinessAcceptsBitcoin': 'False', 'Smoking': ""u'no'"", 'HappyHour': 'True', 'WiFi': ""u'free'"", 'DogsAllowed': 'False', 'WheelchairAccessible': 'True', 'BikeParking': 'False', 'Music': ""{u'dj': None, u'live': False, u'jukebox': None, u'video': False, u'background_music': False, u'karaoke': None, u'no_music': False}""}","Mexican, Bars, Cocktail Bars, Nightlife, Restaurants","{'Monday': '0:0-0:0', 'Tuesday': '17:0-22:0', 'Wednesday': '17:0-22:0', 'Thursday': '17:0-22:0', 'Friday': '17:0-21:0', 'Saturday': '17:0-21:0'}",Restaurants
osqUOYJ1GR833udf6XCSHA,Tokyo Hibachi Steakhouse & Sushi Bar,"1613 Walnut St, Ste 2",Philadelphia,PA,19103,39.9499339,-75.1681041,3.0,59,0,"{'RestaurantsReservations': 'True', 'RestaurantsDelivery': 'True', 'GoodForKids': 'True', 'BusinessParking': ""{'garage': False, 'street': True, 'validated': False, 'lot': False, 'valet': False}"", 'Alcohol': ""u'full_bar'"", 'RestaurantsGoodForGroups': 'True', 'OutdoorSeating': 'False', 'BusinessAcceptsCreditCards': 'True', 'RestaurantsTakeOut': 'True', 'NoiseLevel': ""u'average'"", 'RestaurantsAttire': ""u'casual'"", 'RestaurantsPriceRange2': '2', 'Ambience': ""{'romantic': False, 'intimate': False, 'touristy': False, 'hipster': False, 'divey': False, 'classy': False, 'trendy': False, 'upscale': False, 'casual': True}"", 'HasTV': 'True'}","Steakhouses, Restaurants, Sushi Bars, Japanese","{'Monday': '17:0-22:30', 'Tuesday': '17:0-22:30', 'Wednesday': '17:0-22:30', 'Thursday': '17:0-22:30', 'Friday': '17:0-22:30', 'Saturday': '15:0-22:30', 'Sunday': '12:0-22:30'}",Restaurants
WglSxOOjnw3pGpHWj6Poag,Potbelly Sandwich Shop,1635 Market St,Philadelphia,PA,19103,39.953463,-75.168192,3.5,57,0,"{'RestaurantsPriceRange2': '1', 'BusinessAcceptsCreditCards': 'True', 'RestaurantsReservations': 'False', 'RestaurantsTakeOut': 'True', 'Alcohol': ""u'none'"", 'GoodForKids': 'True', 'RestaurantsAttire': ""u'casual'"", 'BikeParking': 'True', 'BusinessParking': ""{'garage': False, 'street': True, 'validated': False, 'lot': False, 'valet': False}"", 'Ambience': ""{'romantic': False, 'intimate': False, 'touristy': False, 'hipster': False, 'divey': False, 'classy': False, 'trendy': False, 'upscale': False, 'casual': True}"", 'RestaurantsGoodForGroups': 'True', 'OutdoorSeating': 'False', 'HasTV': 'False', 'NoiseLevel': ""u'average'"", 'Caters': 'True', 'RestaurantsDelivery': 'True', 'WiFi': ""u'no'"", 'GoodForMeal': ""{'dessert': False, 'latenight': False, 'lunch': True, 'dinner': False, 'brunch': False, 'breakfast': False}""}","Food, Soup, Salad, Fast Food, Desserts, Sandwiches, Restaurants, Delis","{'Monday': '7:0-19:0', 'Tuesday': '7:0-19:0', 'Wednesday': '7:0-19:0', 'Thursday': '7:0-19:0', 'Friday': '7:0-19:0', 'Saturday': '11:0-17:0', 'Sunday': '11:0-17:0'}",Restaurants
_VQbAFHvYi50fJbfxlY6Yw,Cucina Italiana,2955 Market St,Philadelphia,PA,19104,39.9552741948,-75.1821326659,2.5,5,1,,"Restaurants, Italian, Sandwiches",,Restaurants
jmgEQ7co9p5aV7l1EPbvBQ,Fruit Salad Truck,17th & Arch St,Philadelphia,PA,19103,39.955008,-75.167989,5.0,8,0,"{'RestaurantsTakeOut': 'True', 'RestaurantsReservations': 'False', 'Alcohol': ""u'none'"", 'RestaurantsDelivery': 'False', 'RestaurantsPriceRange2': '1', 'BusinessAcceptsCreditCards': 'False', 'GoodForKids': 'True', 'RestaurantsAttire': ""u'casual'"", 'RestaurantsGoodForGroups': 'False', 'OutdoorSeating': 'True', 'BusinessParking': ""{'garage': False, 'street': False, 'validated': False, 'lot': False, 'valet': False}""}","Restaurants, Food Stands",,Restaurants
4EXm70lqkCxZ-WtgNon8sw,Gabriella's Vietnam,1837 E Passyunk Ave,Philadelphia,PA,19148,39.926913,-75.166609,4.0,48,1,"{'RestaurantsTableService': 'True', 'RestaurantsAttire': ""u'casual'"", 'Ambience': ""{u'divey': False, u'hipster': False, u'casual': False, u'touristy': False, u'trendy': False, u'intimate': False, u'romantic': False, u'classy': True, u'upscale': False}"", 'RestaurantsTakeOut': 'True', 'RestaurantsGoodForGroups': 'True', 'GoodForMeal': ""{u'breakfast': None, u'brunch': None, u'lunch': None, u'dinner': True, u'latenight': None, u'dessert': None}"", 'RestaurantsDelivery': 'True', 'OutdoorSeating': 'True'}","Restaurants, Asian Fusion, Seafood, Steakhouses","{'Tuesday': '17:0-22:0', 'Wednesday': '17:0-22:0', 'Thursday': '17:0-22:0', 'Friday': '17:0-22:0', 'Saturday': '17:0-22:0', 'Sunday': '11:0-15:0'}",Restaurants
zxY4DgtXsVHihSUpsmwamg,P & S Ravioli,1640 S 10th St,Philadelphia,PA,19148,39.928473,-75.1619827,4.5,6,1,"{'RestaurantsTakeOut': 'True', 'GoodForKids': 'True', 'RestaurantsPriceRange2': '2', 'RestaurantsDelivery': 'False', 'BusinessParking': ""{'garage': False, 'street': False, 'validated': False, 'lot': False, 'valet': False}"", 'RestaurantsReservations': 'False', 'Ambience': ""{'romantic': False, 'intimate': False, 'classy': False, 'hipster': False, 'divey': False, 'touristy': False, 'trendy': False, 'upscale': False, 'casual': False}"", 'RestaurantsGoodForGroups': 'False', 'NoiseLevel': ""u'average'"", 'WiFi': ""u'no'"", 'Alcohol': ""u'none'"", 'RestaurantsAttire': ""u'casual'"", 'OutdoorSeating': 'False'}","Food, Do-It-Yourself Food, Restaurants, Italian",,Restaurants
nBqvryCdn9N_vU4rdCbnHw,Spread Bagelry,2401 Walnut St,Philadelphia,PA,19103,39.9515389392,-75.1798004285,3.0,13,1,"{'BusinessParking': ""{'garage': False, 'street': False, 'validated': False, 'lot': False, 'valet': False}"", 'BusinessAcceptsCreditCards': 'True', 'RestaurantsDelivery': 'True', 'RestaurantsPriceRange2': '2', 'Caters': 'True', 'RestaurantsTakeOut': 'True'}","Bagels, Breakfast & Brunch, Sandwiches, Restaurants, Food","{'Monday': '7:0-15:0', 'Tuesday': '7:0-15:0', 'Wednesday': '7:0-15:0', 'Thursday': '7:0-15:0', 'Friday': '7:0-15:0', 'Saturday': '7:0-15:0', 'Sunday': '7:0-15:0'}",Restaurants
eLW6dLoA1nFriXpzzPxvxg,Ming River Side Walk House,148 N 10th St,Philadelphia,PA,19107,39.9550532,-75.1562368,3.5,26,1,"{'BikeParking': 'True', 'HasTV': 'True', 'BusinessAcceptsCreditCards': 'False', 'RestaurantsGoodForGroups': 'True', 'GoodForMeal': ""{'dessert': False, 'latenight': False, 'lunch': False, 'dinner': False, 'brunch': False, 'breakfast': False}"", 'GoodForKids': 'True', 'OutdoorSeating': 'False', 'RestaurantsTakeOut': 'True', 'RestaurantsReservations': 'False', 'RestaurantsDelivery': 'True', 'RestaurantsPriceRange2': '1', 'BusinessParking': ""{'garage': False, 'street': False, 'validated': False, 'lot': False, 'valet': False}"", 'Ambience': ""{'touristy': False, 'hipster': False, 'romantic': False, 'divey': False, 'intimate': False, 'trendy': False, 'upscale': False, 'classy': False, 'casual': False}"", 'RestaurantsAttire': ""'casual'""}","Specialty Food, Food, Ethnic Food, Imported Food, Restaurants, Chinese, Noodles",,Restaurants
YtSqYv1Q_pOltsVPSx54SA,Rittenhouse Grill,1701 Locust St,Philadelphia,PA,19103,39.9489487,-75.1695317,3.5,290,1,"{'RestaurantsAttire': ""u'dressy'"", 'RestaurantsReservations': 'True', 'RestaurantsGoodForGroups': 'True', 'BusinessAcceptsCreditCards': 'True', 'Ambience': ""{'romantic': False, 'intimate': False, 'classy': True, 'hipster': False, 'divey': False, 'touristy': False, 'trendy': False, 'upscale': True, 'casual': False}"", 'GoodForKids': 'False', 'RestaurantsPriceRange2': '3', 'HasTV': 'True', 'NoiseLevel': ""u'average'"", 'WiFi': ""'free'"", 'Alcohol': ""'full_bar'"", 'BusinessParking': ""{'garage': True, 'street': True, 'validated': True, 'lot': False, 'valet': True}"", 'Caters': 'False', 'OutdoorSeating': 'False', 'BikeParking': 'True', 'GoodForDancing': 'False', 'GoodForMeal': ""{'dessert': False, 'latenight': False, 'lunch': False, 'dinner': True, 'brunch': False, 'breakfast': False}"", 'Music': ""{'dj': None, 'background_music': False, 'no_music': False, 'jukebox': None, 'live': True, 'video': False, 'karaoke': None}"", 'HappyHour': 'True', 'BestNights': ""{'monday': False, 'tuesday': False, 'friday': False, 'wednesday': False, 'thursday': False, 'sunday': False, 'saturday': False}"", 'CoatCheck': 'True', 'WheelchairAccessible': 'True', 'RestaurantsDelivery': 'True', 'RestaurantsTakeOut': 'True'}","Wine Bars, Restaurants, Nightlife, Steakhouses, Seafood, Bars","{'Wednesday': '16:30-22:0', 'Thursday': '16:30-22:0', 'Friday': '16:30-22:0', 'Saturday': '16:30-22:0', 'Sunday': '16:30-22:0'}",Restaurants
iuoh6R7yIvKxffYsb5fH_A,Crown Chicken & Burger,1408 South St,Philadelphia,PA,19146,39.9437144134,-75.1656907284,1.5,5,1,,"Restaurants, Chicken Shop",,Restaurants
TttFjRQ-8Iz8by4hsD7iOQ,Angelina's,743 S 8th St,Philadelphia,PA,19147,39.940221217,-75.1557966694,4.5,49,1,"{'Alcohol': ""u'none'"", 'WiFi': ""u'free'"", 'RestaurantsAttire': ""u'casual'"", 'RestaurantsReservations': 'True', 'RestaurantsTableService': 'True', 'GoodForKids': 'False', 'RestaurantsPriceRange2': '3', 'GoodForMeal': ""{'dessert': False, 'latenight': False, 'lunch': False, 'dinner': False, 'brunch': False, 'breakfast': False}"", 'Ambience': ""{'touristy': False, 'hipster': False, 'romantic': False, 'divey': False, 'intimate': False, 'trendy': False, 'upscale': False, 'classy': True, 'casual': False}"", 'OutdoorSeating': 'False', 'BusinessAcceptsCreditCards': 'False', 'NoiseLevel': ""u'average'"", 'HasTV': 'True', 'BusinessParking': ""{'garage': False, 'street': False, 'validated': False, 'lot': False, 'valet': False}"", 'RestaurantsDelivery': 'True', 'RestaurantsGoodForGroups': 'True'}","Restaurants, Italian","{'Wednesday': '17:0-22:0', 'Thursday': '17:0-22:0', 'Friday': '17:0-22:0', 'Saturday': '17:0-22:0', 'Sunday': '16:0-21:0'}",Restaurants
WSbpU5zNF9B75fuBSkm3mA,Leyla,622 S 6th St,Philadelphia,PA,19147,39.9413706,-75.1525078,3.5,13,0,"{'BusinessParking': ""{'garage': False, 'street': True, 'validated': False, 'lot': False, 'valet': False}"", 'OutdoorSeating': 'True', 'RestaurantsGoodForGroups': 'True', 'RestaurantsAttire': ""u'casual'"", 'HasTV': 'True', 'Alcohol': ""u'none'"", 'RestaurantsTakeOut': 'True', 'GoodForKids': 'True', 'BusinessAcceptsCreditCards': 'True', 'Ambience': ""{'romantic': False, 'intimate': False, 'touristy': False, 'hipster': False, 'divey': False, 'classy': False, 'trendy': False, 'upscale': False, 'casual': False}"", 'NoiseLevel': ""u'quiet'"", 'RestaurantsPriceRange2': '2'}","Restaurants, Turkish","{'Tuesday': '11:0-23:0', 'Wednesday': '11:0-23:0', 'Thursday': '11:0-23:0', 'Friday': '11:0-3:0', 'Saturday': '11:0-3:0', 'Sunday': '11:0-22:0'}",Restaurants
JwKs0t30KXFg1B-Pnm5FKA,Mrs. K's Koffee Shop,325 Chestnut St,Philadelphia,PA,19106,39.9490386,-75.1471998,3.0,215,0,"{'Ambience': ""{'romantic': False, 'intimate': False, 'touristy': False, 'hipster': False, 'divey': False, 'classy': False, 'trendy': False, 'upscale': False, 'casual': True}"", 'HasTV': 'True', 'Corkage': 'False', 'WiFi': ""u'free'"", 'RestaurantsAttire': ""'casual'"", 'RestaurantsTakeOut': 'True', 'RestaurantsDelivery': 'True', 'RestaurantsPriceRange2': '1', 'GoodForKids': 'True', 'BusinessParking': ""{'garage': True, 'street': True, 'validated': False, 'lot': False, 'valet': False}"", 'RestaurantsGoodForGroups': 'False', 'BYOBCorkage': ""'yes_free'"", 'RestaurantsReservations': 'False', 'OutdoorSeating': 'True', 'BikeParking': 'True', 'Alcohol': ""u'none'"", 'Caters': 'True', 'NoiseLevel': ""u'average'"", 'BusinessAcceptsCreditCards': 'True', 'BusinessAcceptsBitcoin': 'False', 'GoodForMeal': ""{'dessert': False, 'latenight': False, 'lunch': False, 'dinner': False, 'brunch': False, 'breakfast': True}""}","Food, Diners, Coffee & Tea, Restaurants, Breakfast & Brunch, Burgers","{'Monday': '6:0-15:30', 'Tuesday': '6:0-15:30', 'Wednesday': '6:0-15:30', 'Thursday': '6:0-15:30', 'Friday': '6:0-15:30', 'Saturday': '7:0-14:30', 'Sunday': '7:0-14:30'}",Restaurants
1cjR9b6qWme6ipVIffWlow,Social House,2100 South St,Philadelphia,PA,19146,39.9450147098,-75.1771122734,3.5,12,1,"{'OutdoorSeating': 'True', 'WiFi': ""u'free'"", 'GoodForKids': 'True', 'BusinessParking': ""{u'valet': False, u'garage': False, u'street': True, u'lot': False, u'validated': False}"", 'Alcohol': ""u'none'"", 'BYOB': 'True', 'RestaurantsDelivery': 'False', 'BusinessAcceptsCreditCards': 'True', 'Caters': 'True', 'RestaurantsTakeOut': 'True', 'HasTV': 'False', 'BikeParking': 'True'}","Venues & Event Spaces, Food, Event Planning & Services, Restaurants, Coffee & Tea, Breakfast & Brunch, American (New)","{'Monday': '7:0-15:0', 'Tuesday': '7:0-15:0', 'Wednesday': '7:0-15:0', 'Thursday': '7:0-15:0', 'Friday': '7:0-15:0', 'Saturday': '8:0-15:0', 'Sunday': '8:0-15:0'}",Restaurants
nk9CYmNy0mxuu3dosjyV3Q,The Flying Saucer Cafe,2545 Brown St,Philadelphia,PA,19130,39.9704241,-75.1794779,3.5,45,0,"{'NoiseLevel': ""u'quiet'"", 'Alcohol': ""u'none'"", 'GoodForKids': 'True', 'RestaurantsReservations': 'False', 'RestaurantsPriceRange2': '1', 'Ambience': ""{'romantic': False, 'intimate': False, 'classy': False, 'hipster': False, 'divey': False, 'touristy': False, 'trendy': False, 'upscale': False, 'casual': True}"", 'RestaurantsAttire': ""u'casual'"", 'RestaurantsTakeOut': 'True', 'RestaurantsGoodForGroups': 'True', 'HasTV': 'True', 'Caters': 'True', 'RestaurantsDelivery': 'False'}","Breakfast & Brunch, Bagels, Restaurants, Food, Coffee & Tea","{'Monday': '7:0-15:0', 'Tuesday': '7:0-15:0', 'Wednesday': '7:0-15:0', 'Thursday': '7:0-15:0', 'Friday': '7:0-15:0', 'Saturday': '8:0-16:0', 'Sunday': '8:0-16:0'}",Restaurants
HxqKo-FK8L_f_xPpBtebQQ,Silence Dogood's Tavern,216 Market St,Philadelphia,PA,19106,39.949973724,-75.1445580715,4.5,111,0,"{'CoatCheck': 'False', 'BusinessParking': ""{'garage': False, 'street': True, 'validated': False, 'lot': False, 'valet': False}"", 'GoodForKids': 'False', 'BikeParking': 'True', 'HappyHour': 'True', 'WiFi': ""'free'"", 'GoodForMeal': ""{'dessert': False, 'latenight': False, 'lunch': True, 'dinner': True, 'brunch': False, 'breakfast': False}"", 'WheelchairAccessible': 'False', 'NoiseLevel': ""u'loud'"", 'RestaurantsAttire': ""'casual'"", 'RestaurantsPriceRange2': '2', 'RestaurantsTakeOut': 'True', 'BestNights': ""{'monday': False, 'tuesday': False, 'friday': True, 'wednesday': False, 'thursday': False, 'sunday': True, 'saturday': False}"", 'RestaurantsTableService': 'True', 'RestaurantsGoodForGroups': 'True', 'Ambience': ""{'romantic': False, 'intimate': False, 'classy': False, 'hipster': False, 'divey': False, 'touristy': False, 'trendy': False, 'upscale': False, 'casual': True}"", 'Alcohol': ""u'full_bar'"", 'RestaurantsDelivery': 'True', 'HasTV': 'True', 'Smoking': ""u'no'"", 'BusinessAcceptsCreditCards': 'True', 'OutdoorSeating': 'True', 'Music': ""{'dj': False, 'background_music': False, 'no_music': False, 'jukebox': False, 'live': False, 'video': False, 'karaoke': False}"", 'RestaurantsReservations': 'False', 'GoodForDancing': 'False'}","Nightlife, American (New), Gastropubs, Food, American (Traditional), Pubs, Local Flavor, Restaurants, Beer, Wine & Spirits, Bars","{'Monday': '11:0-22:0', 'Tuesday': '11:0-22:0', 'Wednesday': '11:0-22:0', 'Thursday': '11:0-0:0', 'Friday': '11:0-2:0', 'Saturday': '11:0-2:0', 'Sunday': '11:0-22:0'}",Restaurants
H3EK1Q8tqRGqPBps05Uahw,Tashan,777 S Broad St,Philadelphia,PA,19147,39.941204,-75.165127,4.0,395,0,"{'BusinessAcceptsCreditCards': 'True', 'Caters': 'True', 'NoiseLevel': ""u'average'"", 'BusinessParking': ""{'garage': False, 'street': True, 'validated': False, 'lot': False, 'valet': True}"", 'RestaurantsGoodForGroups': 'True', 'Alcohol': ""u'full_bar'"", 'RestaurantsTakeOut': 'True', 'Ambience': ""{'romantic': False, 'intimate': False, 'classy': False, 'hipster': False, 'divey': False, 'touristy': False, 'trendy': False, 'upscale': True, 'casual': False}"", 'GoodForKids': 'False', 'RestaurantsReservations': 'True', 'RestaurantsPriceRange2': '3', 'RestaurantsAttire': ""u'casual'"", 'RestaurantsDelivery': 'True', 'OutdoorSeating': 'True', 'BikeParking': 'True', 'WiFi': ""u'free'"", 'HasTV': 'True', 'HappyHour': 'True'}","Asian Fusion, Indian, Modern European, Restaurants, Vegetarian","{'Monday': '17:0-22:0', 'Tuesday': '17:0-22:0', 'Wednesday': '17:0-22:0', 'Thursday': '17:0-22:0', 'Friday': '17:0-23:0', 'Saturday': '17:0-23:0', 'Sunday': '17:0-22:0'}",Restaurants
4_W5pstoN1166TGjjPOrMg,Prohibition Taproom,501 N 13th St,Philadelphia,PA,19123,39.9613018,-75.1593118,4.0,618,1,"{'RestaurantsAttire': ""u'casual'"", 'BusinessParking': ""{'garage': False, 'street': True, 'validated': False, 'lot': False, 'valet': False}"", 'Alcohol': ""u'full_bar'"", 'RestaurantsGoodForGroups': 'True', 'BusinessAcceptsCreditCards': 'True', 'RestaurantsReservations': 'False', 'GoodForKids': 'False', 'BikeParking': 'True', 'HasTV': 'True', 'NoiseLevel': ""u'average'"", 'RestaurantsTakeOut': 'True', 'BusinessAcceptsBitcoin': 'False', 'Ambience': ""{u'divey': False, u'hipster': True, u'casual': True, u'touristy': False, u'trendy': None, u'intimate': False, u'romantic': False, u'classy': False, u'upscale': False}"", 'WheelchairAccessible': 'False', 'RestaurantsTableService': 'True', 'Corkage': 'False', 'DogsAllowed': 'True', 'RestaurantsPriceRange2': '2', 'GoodForMeal': ""{'dessert': False, 'latenight': True, 'lunch': None, 'dinner': True, 'brunch': None, 'breakfast': False}"", 'RestaurantsDelivery': 'True', 'OutdoorSeating': 'True', 'Caters': 'False', 'BYOB': 'False', 'WiFi': ""u'free'"", 'HappyHour': 'True'}","American (Traditional), Bars, Nightlife, Restaurants, Beer Bar, Gastropubs, Breakfast & Brunch, Tapas/Small Plates","{'Monday': '16:0-23:0', 'Tuesday': '16:0-23:0', 'Wednesday': '16:0-23:0', 'Thursday': '16:0-23:0', 'Friday': '16:0-1:0', 'Saturday': '12:0-1:0', 'Sunday': '12:0-23:0'}",Restaurants
KTgZXj6xh8aN_tLfI-YZ1Q,Bar Poulet,2005 Walnut St,Philadelphia,PA,19103,39.9508012,-75.1739867,4.5,51,1,"{'Ambience': ""{u'divey': False, u'hipster': False, u'casual': False, u'touristy': False, u'trendy': False, u'intimate': False, u'romantic': False, u'classy': True, u'upscale': False}""}","Cocktail Bars, Restaurants, Nightlife, Bars, Beer Bar, Wine Bars, French","{'Monday': '17:0-21:0', 'Tuesday': '17:0-21:0', 'Wednesday': '17:0-21:0', 'Thursday': '17:0-21:0', 'Friday': '17:0-22:0', 'Saturday': '12:0-22:0', 'Sunday': '12:0-17:0'}",Restaurants
iiHWdMjPZhQPTC86p86X9Q,Jembatan 5,932 S 10th St,Philadelphia,PA,19147,39.9383367,-75.159771,4.5,61,1,"{'Alcohol': ""u'none'"", 'WheelchairAccessible': 'True', 'BYOB': 'True', 'RestaurantsTableService': 'True', 'Corkage': 'False', 'HasTV': 'True', 'RestaurantsReservations': 'True', 'Caters': 'True', 'GoodForMeal': ""{'dessert': False, 'latenight': False, 'lunch': False, 'dinner': False, 'brunch': False, 'breakfast': False}"", 'HappyHour': 'False', 'DogsAllowed': 'False', 'BusinessAcceptsBitcoin': 'False', 'RestaurantsDelivery': 'True', 'BikeParking': 'True', 'RestaurantsTakeOut': 'True', 'BusinessParking': ""{'garage': False, 'street': True, 'validated': False, 'lot': False, 'valet': False}"", 'BusinessAcceptsCreditCards': 'True', 'WiFi': ""u'free'"", 'OutdoorSeating': 'True', 'Ambience': ""{u'divey': None, u'hipster': None, u'casual': True, u'touristy': False, u'trendy': False, u'intimate': None, u'romantic': False, u'classy': False, u'upscale': False}""}","Indonesian, Restaurants","{'Monday': '0:0-0:0', 'Tuesday': '11:0-21:0', 'Wednesday': '11:0-21:0', 'Thursday': '11:0-21:0', 'Friday': '11:0-21:0', 'Saturday': '11:0-21:0', 'Sunday': '12:0-21:0'}",Restaurants
q4AxwoWQs6rk2nkWJuYZIA,Triangle Tavern,1338 S 10th St,Philadelphia,PA,19147,39.9323559,-75.1611077,4.0,216,1,"{'WiFi': ""u'no'"", 'RestaurantsTakeOut': 'True', 'RestaurantsAttire': ""'casual'"", 'RestaurantsGoodForGroups': 'True', 'GoodForDancing': 'False', 'BusinessParking': ""{'garage': False, 'street': True, 'validated': False, 'lot': False, 'valet': False}"", 'BusinessAcceptsCreditCards': 'True', 'GoodForMeal': ""{'dessert': None, 'latenight': True, 'lunch': None, 'dinner': True, 'brunch': None, 'breakfast': False}"", 'Alcohol': ""u'full_bar'"", 'Caters': 'True', 'DogsAllowed': 'False', 'GoodForKids': 'False', 'OutdoorSeating': 'False', 'WheelchairAccessible': 'False', 'BikeParking': 'False', 'CoatCheck': 'False', 'BestNights': ""{'monday': False, 'tuesday': True, 'friday': False, 'wednesday': True, 'thursday': True, 'sunday': False, 'saturday': False}"", 'NoiseLevel': ""u'average'"", 'BYOB': 'False', 'HasTV': 'True', 'RestaurantsTableService': 'True', 'RestaurantsPriceRange2': '2', 'HappyHour': 'True', 'Music': ""{'dj': False, 'background_music': False, 'no_music': False, 'jukebox': None, 'live': False, 'video': False, 'karaoke': False}"", 'Corkage': 'False', 'Ambience': ""{u'divey': True, u'hipster': True, u'casual': True, u'touristy': False, u'trendy': None, u'intimate': False, u'romantic': False, u'classy': False, u'upscale': False}"", 'RestaurantsReservations': 'False', 'BusinessAcceptsBitcoin': 'False', 'Smoking': ""u'no'"", 'ByAppointmentOnly': 'False', 'RestaurantsDelivery': 'True'}","American (Traditional), Restaurants, Nightlife, Bars, Pubs, Gastropubs","{'Monday': '12:0-20:0', 'Tuesday': '12:0-20:0', 'Wednesday': '12:0-20:0', 'Thursday': '12:0-20:0', 'Friday': '12:0-20:0', 'Saturday': '12:0-20:0', 'Sunday': '12:0-20:0'}",Restaurants
Su_KoRa64akK19myzyK3xA,Tre Scalini Ristorante,1915 E Passyunk Ave,Philadelphia,PA,19148,39.9262103,-75.1675231,3.5,159,0,"{'RestaurantsAttire': ""u'casual'"", 'WiFi': ""u'no'"", 'RestaurantsGoodForGroups': 'True', 'BikeParking': 'True', 'RestaurantsDelivery': 'False', 'RestaurantsPriceRange2': '3', 'BusinessAcceptsCreditCards': 'True', 'RestaurantsReservations': 'True', 'Alcohol': ""'none'"", 'GoodForKids': 'False', 'BYOBCorkage': ""'yes_free'"", 'NoiseLevel': ""u'average'"", 'Ambience': ""{'touristy': False, 'hipster': False, 'romantic': False, 'divey': False, 'intimate': False, 'trendy': False, 'upscale': False, 'classy': True, 'casual': True}"", 'BusinessParking': ""{'garage': False, 'street': True, 'validated': False, 'lot': False, 'valet': True}"", 'GoodForMeal': ""{'dessert': False, 'latenight': False, 'lunch': False, 'dinner': True, 'brunch': False, 'breakfast': False}"", 'RestaurantsTakeOut': 'True', 'OutdoorSeating': 'True', 'HasTV': 'True'}","Restaurants, Italian","{'Tuesday': '17:0-22:0', 'Wednesday': '17:0-22:0', 'Thursday': '17:0-22:0', 'Friday': '17:0-22:0', 'Saturday': '17:0-22:0', 'Sunday': '16:0-21:0'}",Restaurants
b0YICdDCw8Ck6hJPc1Z5HQ,Kanella South,757 S Front St,Philadelphia,PA,19147,39.9383361,-75.1443454,4.5,249,0,"{'RestaurantsGoodForGroups': 'True', 'CoatCheck': 'True', 'NoiseLevel': ""u'average'"", 'RestaurantsDelivery': 'False', 'HappyHour': 'True', 'WiFi': ""u'free'"", 'Music': ""{'dj': False, 'background_music': True, 'jukebox': False, 'live': False, 'video': False, 'karaoke': False}"", 'Smoking': ""u'no'"", 'Caters': 'True', 'BikeParking': 'True', 'RestaurantsReservations': 'True', 'RestaurantsAttire': ""u'casual'"", 'GoodForKids': 'False', 'Alcohol': ""u'full_bar'"", 'RestaurantsTableService': 'True', 'OutdoorSeating': 'True', 'RestaurantsPriceRange2': '2', 'GoodForMeal': ""{'dessert': False, 'latenight': False, 'lunch': False, 'dinner': True, 'brunch': False, 'breakfast': False}"", 'BusinessParking': ""{'garage': False, 'street': True, 'validated': False, 'lot': False, 'valet': False}"", 'BusinessAcceptsCreditCards': 'True', 'HasTV': 'False', 'RestaurantsTakeOut': 'False', 'BestNights': ""{'monday': False, 'tuesday': False, 'friday': False, 'wednesday': False, 'thursday': True, 'sunday': True, 'saturday': True}"", 'Ambience': ""{'romantic': False, 'intimate': False, 'classy': False, 'hipster': False, 'divey': False, 'touristy': False, 'trendy': False, 'upscale': False, 'casual': False}"", 'GoodForDancing': 'False'}","Bars, Restaurants, Greek, Nightlife, Mediterranean","{'Tuesday': '17:0-22:30', 'Wednesday': '17:0-22:30', 'Thursday': '17:0-22:30', 'Friday': '17:0-22:30', 'Saturday': '17:0-22:30', 'Sunday': '17:0-22:0'}",Restaurants
Uky0DD3LU4C7eyNDhpmOXg,Day By Day,2101 Sansom St,Philadelphia,PA,19103,39.9516785914,-75.1757079913,4.0,642,1,"{'BusinessAcceptsCreditCards': 'True', 'Alcohol': ""u'none'"", 'RestaurantsAttire': ""'casual'"", 'WiFi': ""u'no'"", 'RestaurantsGoodForGroups': 'True', 'NoiseLevel': ""u'average'"", 'RestaurantsReservations': 'False', 'GoodForKids': 'True', 'RestaurantsPriceRange2': '2', 'HasTV': 'False', 'Caters': 'True', 'GoodForMeal': ""{'dessert': False, 'latenight': False, 'lunch': None, 'dinner': False, 'brunch': True, 'breakfast': None}"", 'BikeParking': 'True', 'BusinessAcceptsBitcoin': 'False', 'RestaurantsDelivery': 'False', 'BYOB': 'True', 'Ambience': ""{'touristy': False, 'hipster': False, 'romantic': False, 'divey': False, 'intimate': False, 'trendy': False, 'upscale': False, 'classy': True, 'casual': True}"", 'ByAppointmentOnly': 'False', 'BusinessParking': ""{u'garage': True, u'street': True, u'validated': False, u'lot': False, u'valet': False}"", 'DogsAllowed': 'True', 'WheelchairAccessible': 'True', 'OutdoorSeating': 'True', 'HappyHour': 'False', 'Corkage': 'False', 'RestaurantsTableService': 'True', 'RestaurantsTakeOut': 'True'}","Restaurants, Event Planning & Services, Food Delivery Services, Sandwiches, Desserts, Caterers, Breakfast & Brunch, Food, Bakeries, American (Traditional), American (New)","{'Monday': '9:0-17:0', 'Tuesday': '9:0-17:0', 'Wednesday': '9:0-17:0', 'Thursday': '9:0-17:0', 'Friday': '9:0-17:0'}",Restaurants
84oFqFilO7wbs2iVsTy3eA,Caffe Valentino,1245 S 3rd St,Philadelphia,PA,19147,39.9319033,-75.1495444,3.5,106,0,"{'BYOBCorkage': ""'yes_free'"", 'RestaurantsTakeOut': 'True', 'RestaurantsAttire': ""'casual'"", 'BusinessAcceptsCreditCards': 'True', 'WiFi': ""u'no'"", 'BusinessParking': ""{'garage': False, 'street': True, 'validated': False, 'lot': False, 'valet': False}"", 'Caters': 'True', 'RestaurantsReservations': 'True', 'NoiseLevel': ""u'average'"", 'Alcohol': ""u'none'"", 'BikeParking': 'True', 'Corkage': 'False', 'OutdoorSeating': 'True', 'GoodForKids': 'True', 'RestaurantsGoodForGroups': 'True', 'GoodForMeal': ""{'dessert': False, 'latenight': False, 'lunch': False, 'dinner': True, 'brunch': False, 'breakfast': False}"", 'WheelchairAccessible': 'True', 'DogsAllowed': 'False', 'RestaurantsTableService': 'True', 'HappyHour': 'True', 'RestaurantsDelivery': 'True', 'RestaurantsPriceRange2': '3', 'HasTV': 'True', 'Ambience': ""{'touristy': False, 'hipster': False, 'romantic': None, 'divey': False, 'intimate': None, 'trendy': False, 'upscale': False, 'classy': None, 'casual': None}"", 'BYOB': 'True'}","Italian, Restaurants","{'Monday': '15:0-22:0', 'Tuesday': '15:0-22:0', 'Wednesday': '15:0-22:0', 'Thursday': '15:0-22:0', 'Friday': '15:0-22:0', 'Saturday': '15:0-22:0', 'Sunday': '15:0-22:0'}",Restaurants
HjewUoIXMm7yLu3aqQVTLg,Peking Inn,"2020 Penrose Ave, Ste D",Philadelphia,PA,19145,39.911958,-75.183405,2.5,13,1,"{'NoiseLevel': ""'average'"", 'GoodForKids': 'True', 'HasTV': 'True', 'RestaurantsAttire': ""u'casual'"", 'RestaurantsGoodForGroups': 'True', 'BikeParking': 'True', 'RestaurantsTakeOut': 'True', 'Ambience': ""{'romantic': False, 'intimate': False, 'classy': False, 'hipster': False, 'divey': False, 'touristy': False, 'trendy': False, 'upscale': False, 'casual': False}"", 'Caters': 'False', 'RestaurantsReservations': 'True', 'BusinessAcceptsBitcoin': 'False', 'BusinessAcceptsCreditCards': 'True', 'BusinessParking': ""{'garage': False, 'street': False, 'validated': False, 'lot': True, 'valet': False}"", 'RestaurantsPriceRange2': '2', 'WiFi': ""u'no'"", 'Alcohol': ""u'full_bar'"", 'RestaurantsDelivery': 'True', 'OutdoorSeating': 'False', 'HappyHour': 'False'}","Restaurants, Food, Beer, Wine & Spirits, Cantonese, Chinese, Hotels, Event Planning & Services, Hotels & Travel","{'Monday': '11:0-22:0', 'Tuesday': '11:0-22:0', 'Wednesday': '11:0-22:0', 'Thursday': '11:0-22:0', 'Friday': '11:0-0:0', 'Saturday': '11:0-0:0', 'Sunday': '14:0-22:0'}",Restaurants
VEsJqjwNm5jb6xN8BGTn5Q,Two Street Pizza,1616 S 2nd St,Philadelphia,PA,19148,39.9274627,-75.1489763,3.0,13,0,"{'RestaurantsDelivery': 'False', 'Alcohol': ""u'none'"", 'RestaurantsAttire': ""u'casual'"", 'RestaurantsGoodForGroups': 'False', 'GoodForKids': 'True', 'HasTV': 'True', 'OutdoorSeating': 'False', 'RestaurantsReservations': 'False', 'WiFi': ""u'no'"", 'RestaurantsTakeOut': 'True', 'BusinessParking': ""{'garage': False, 'street': True, 'validated': False, 'lot': False, 'valet': False}"", 'BikeParking': 'False', 'BusinessAcceptsCreditCards': 'True', 'Caters': 'True', 'Ambience': ""{'romantic': False, 'intimate': False, 'classy': False, 'hipster': False, 'divey': False, 'touristy': False, 'trendy': False, 'upscale': False, 'casual': True}"", 'NoiseLevel': ""u'average'"", 'RestaurantsPriceRange2': '1'}","Restaurants, Pizza","{'Monday': '15:30-23:30', 'Tuesday': '15:30-23:30', 'Wednesday': '15:30-23:30', 'Thursday': '15:30-23:30', 'Friday': '15:30-23:30', 'Saturday': '15:30-23:30'}",Restaurants
5ebgEvBg1-harVzszDA02g,Bruegger's Bagels,1900 Market St,Philadelphia,PA,19103,39.9533282,-75.1717764,3.0,26,0,"{'BusinessParking': ""{'garage': False, 'street': True, 'validated': False, 'lot': False, 'valet': False}"", 'BusinessAcceptsCreditCards': 'True', 'RestaurantsDelivery': 'False', 'Caters': 'False', 'RestaurantsPriceRange2': '1', 'RestaurantsTakeOut': 'False', 'RestaurantsReservations': 'False'}","Restaurants, Food, Breakfast & Brunch, Bagels, Sandwiches","{'Monday': '6:30-17:0', 'Tuesday': '6:30-17:0', 'Wednesday': '6:30-17:0', 'Thursday': '6:30-17:0', 'Friday': '6:30-17:0', 'Saturday': '7:0-15:0', 'Sunday': '7:0-15:0'}",Restaurants
AqX_5srdyAS1tNiqC3mDvg,Noche,"1901 Chestnut St, 2nd Fl",Philadelphia,PA,19103,39.952089,-75.1719899,3.0,109,0,"{'BusinessAcceptsCreditCards': 'True', 'RestaurantsPriceRange2': '2', 'RestaurantsReservations': 'False', 'NoiseLevel': ""u'loud'"", 'Alcohol': ""'full_bar'"", 'RestaurantsTakeOut': 'False', 'Ambience': ""{'romantic': False, 'intimate': False, 'touristy': False, 'hipster': False, 'divey': False, 'classy': False, 'trendy': False, 'upscale': False, 'casual': True}"", 'RestaurantsGoodForGroups': 'True', 'OutdoorSeating': 'False', 'BYOBCorkage': ""'yes_free'"", 'BusinessParking': ""{'garage': False, 'street': True, 'validated': False, 'lot': False, 'valet': False}"", 'Corkage': 'False', 'RestaurantsAttire': ""'casual'"", 'GoodForKids': 'False', 'HasTV': 'True', 'Caters': 'False', 'RestaurantsDelivery': 'False', 'WiFi': ""u'no'"", 'GoodForMeal': ""{'dessert': False, 'latenight': True, 'lunch': False, 'dinner': False, 'brunch': False, 'breakfast': False}"", 'BestNights': ""{'monday': False, 'tuesday': False, 'friday': True, 'wednesday': True, 'thursday': False, 'sunday': False, 'saturday': True}"", 'Music': ""{'dj': True, 'background_music': False, 'no_music': False, 'jukebox': False, 'live': False, 'video': False, 'karaoke': False}""}","Pizza, Restaurants, Nightlife, Lounges, Mexican, Mediterranean, Bars, American (New), Tapas/Small Plates, Italian","{'Friday': '21:0-2:0', 'Saturday': '21:0-2:0'}",Restaurants
5IAssDyBqi9EQ_5sz5PZzg,Ralph & Rickey's Pizza,2700 S 7th St,Philadelphia,PA,19148,39.9151741,-75.1600788,3.0,34,0,"{'RestaurantsGoodForGroups': 'True', 'BusinessAcceptsCreditCards': 'True', 'RestaurantsTakeOut': 'True', 'NoiseLevel': ""u'average'"", 'BikeParking': 'True', 'GoodForKids': 'True', 'Ambience': ""{'romantic': False, 'intimate': False, 'classy': False, 'hipster': False, 'divey': False, 'touristy': False, 'trendy': False, 'upscale': False, 'casual': False}"", 'Alcohol': ""'beer_and_wine'"", 'RestaurantsDelivery': 'True', 'OutdoorSeating': 'False', 'HasTV': 'True', 'RestaurantsAttire': ""u'casual'"", 'RestaurantsReservations': 'False', 'RestaurantsPriceRange2': '1', 'BusinessParking': ""{'garage': False, 'street': True, 'validated': False, 'lot': False, 'valet': False}""}","Restaurants, Pizza, Cheesesteaks",,Restaurants
_LOJW0XkOpj4O348GVRDeQ,Zavino,112 S 13th St,Philadelphia,PA,19107,39.9499542,-75.1621423,4.0,843,0,"{'HasTV': 'True', 'OutdoorSeating': 'True', 'BusinessAcceptsCreditCards': 'True', 'RestaurantsPriceRange2': '2', 'BikeParking': 'True', 'NoiseLevel': ""u'average'"", 'RestaurantsTakeOut': 'True', 'RestaurantsAttire': ""u'casual'"", 'GoodForKids': 'False', 'WiFi': ""u'free'"", 'RestaurantsReservations': 'False', 'BusinessParking': ""{'garage': False, 'street': True, 'validated': False, 'lot': False, 'valet': False}"", 'Caters': 'False', 'Alcohol': ""u'full_bar'"", 'Music': ""{'dj': False, 'background_music': False, 'no_music': False, 'jukebox': False, 'live': False, 'video': False, 'karaoke': False}"", 'RestaurantsGoodForGroups': 'True', 'BestNights': ""{'monday': False, 'tuesday': False, 'friday': True, 'wednesday': False, 'thursday': True, 'sunday': False, 'saturday': True}"", 'GoodForDancing': 'False', 'ByAppointmentOnly': 'False', 'DogsAllowed': 'False', 'RestaurantsDelivery': 'None', 'GoodForMeal': ""{'dessert': False, 'latenight': None, 'lunch': None, 'dinner': True, 'brunch': False, 'breakfast': False}"", 'Ambience': ""{'touristy': False, 'hipster': False, 'romantic': False, 'divey': False, 'intimate': False, 'trendy': False, 'upscale': False, 'classy': True, 'casual': True}""}","Italian, Wine Bars, Bars, Mediterranean, Pizza, Restaurants, Nightlife","{'Monday': '11:30-23:0', 'Tuesday': '11:30-23:0', 'Wednesday': '11:30-23:0', 'Thursday': '11:30-23:0', 'Friday': '11:30-1:0', 'Saturday': '11:30-1:0', 'Sunday': '12:0-22:0'}",Restaurants
HDFpIdD3BFYrrTIJuQTnVA,Shanghai Gourmet Chinese Restaurant,"51 N 12th St, Ste 58",Philadelphia,PA,19107,39.953432,-75.159193,3.5,42,1,"{'GoodForKids': 'True', 'RestaurantsGoodForGroups': 'False', 'RestaurantsReservations': 'False', 'RestaurantsPriceRange2': '1', 'RestaurantsDelivery': 'False', 'BusinessParking': ""{'garage': True, 'street': False, 'validated': False, 'lot': False, 'valet': False}"", 'RestaurantsAttire': ""u'casual'"", 'WiFi': ""'no'"", 'Alcohol': ""'none'"", 'RestaurantsTakeOut': 'True', 'BusinessAcceptsCreditCards': 'True', 'Ambience': ""{'romantic': False, 'intimate': False, 'classy': False, 'hipster': False, 'divey': False, 'touristy': False, 'trendy': False, 'upscale': False, 'casual': True}"", 'NoiseLevel': ""u'loud'"", 'HasTV': 'False', 'BikeParking': 'False', 'GoodForMeal': ""{'dessert': False, 'latenight': False, 'lunch': True, 'dinner': False, 'brunch': False, 'breakfast': False}"", 'OutdoorSeating': 'False', 'Caters': 'True'}","Chinese, Restaurants",,Restaurants
j19dK4wX22MnVkqmxa-lWA,Seventh Heaven,25 S 19th St,Philadelphia,PA,19103,39.952603502,-75.1715714112,4.0,63,0,"{'RestaurantsGoodForGroups': 'True', 'RestaurantsTakeOut': 'True', 'RestaurantsReservations': 'False', 'BusinessParking': ""{'garage': True, 'street': True, 'validated': False, 'lot': False, 'valet': False}"", 'DogsAllowed': 'True', 'GoodForKids': 'True', 'BusinessAcceptsCreditCards': 'True', 'WheelchairAccessible': 'True', 'BikeParking': 'False', 'RestaurantsAttire': ""'casual'"", 'WiFi': ""'no'"", 'RestaurantsPriceRange2': '1', 'Caters': 'True', 'RestaurantsDelivery': 'None'}","Ice Cream & Frozen Yogurt, Thai, Vegan, Desserts, Japanese, Food, Restaurants","{'Monday': '12:0-22:0', 'Tuesday': '13:0-19:0', 'Wednesday': '12:0-23:0', 'Thursday': '12:0-23:0', 'Friday': '12:0-23:0', 'Saturday': '12:0-23:0', 'Sunday': '12:0-22:0'}",Restaurants
iCVrRHR_Yxr6mHCpObnE1g,AmeriThai,1244 Snyder Ave,Philadelphia,PA,19148,39.9239494074,-75.1674575204,4.0,120,1,"{'NoiseLevel': ""'quiet'"", 'RestaurantsTakeOut': 'True', 'RestaurantsReservations': 'True', 'BikeParking': 'False', 'RestaurantsGoodForGroups': 'True', 'RestaurantsTableService': 'True', 'GoodForMeal': ""{'dessert': False, 'latenight': False, 'lunch': True, 'dinner': True, 'brunch': False, 'breakfast': False}"", 'WiFi': ""'no'"", 'RestaurantsPriceRange2': '2', 'WheelchairAccessible': 'False', 'RestaurantsAttire': ""u'casual'"", 'BusinessAcceptsCreditCards': 'True', 'Ambience': ""{'romantic': False, 'intimate': False, 'classy': False, 'hipster': False, 'divey': False, 'touristy': False, 'trendy': False, 'upscale': False, 'casual': True}"", 'Alcohol': ""'none'"", 'OutdoorSeating': 'False', 'GoodForKids': 'True', 'Caters': 'True', 'RestaurantsDelivery': 'True', 'HasTV': 'True', 'BusinessParking': ""{'garage': False, 'street': True, 'validated': False, 'lot': False, 'valet': False}""}","Thai, Restaurants","{'Tuesday': '11:0-21:0', 'Wednesday': '11:0-21:0', 'Thursday': '11:0-21:0', 'Friday': '11:0-21:0', 'Saturday': '11:0-21:0', 'Sunday': '12:0-21:0'}",Restaurants
VPb3USr9Nm7JjtmsHPRo7g,Old Nelson Food Company,"2955 Market St, Ste 103",Philadelphia,PA,19104,39.9557501,-75.1819889,3.5,13,1,"{'RestaurantsDelivery': 'False', 'Ambience': ""{'touristy': False, 'hipster': False, 'romantic': False, 'divey': False, 'intimate': False, 'trendy': False, 'upscale': False, 'classy': False, 'casual': False}"", 'GoodForKids': 'True', 'BusinessParking': ""{'garage': False, 'street': False, 'validated': False, 'lot': False, 'valet': False}"", 'RestaurantsTakeOut': 'True', 'NoiseLevel': ""u'average'"", 'WiFi': ""u'free'"", 'HasTV': 'True', 'RestaurantsGoodForGroups': 'True', 'Caters': 'True', 'OutdoorSeating': 'True', 'RestaurantsPriceRange2': '2', 'RestaurantsTableService': 'False', 'BusinessAcceptsCreditCards': 'True', 'BikeParking': 'True', 'RestaurantsReservations': 'False', 'GoodForMeal': ""{'dessert': False, 'latenight': False, 'lunch': False, 'dinner': False, 'brunch': False, 'breakfast': False}"", 'RestaurantsAttire': ""'casual'""}","Soup, Salad, Restaurants, Coffee & Tea, Sandwiches, Food","{'Monday': '5:30-20:0', 'Tuesday': '5:30-20:0', 'Wednesday': '5:30-20:0', 'Thursday': '5:30-20:0', 'Friday': '5:30-20:0', 'Saturday': '8:0-20:0', 'Sunday': '8:0-20:0'}",Restaurants
Npb5hRxgF0aVqAlex3VVPQ,1601,1601 S 10th St,Philadelphia,PA,19148,39.929485,-75.161378,3.5,25,0,"{'RestaurantsAttire': ""u'casual'"", 'BusinessAcceptsCreditCards': 'True', 'RestaurantsTakeOut': 'True', 'GoodForKids': 'False', 'RestaurantsPriceRange2': '2', 'RestaurantsReservations': 'False', 'OutdoorSeating': 'True', 'Alcohol': ""u'full_bar'"", 'RestaurantsDelivery': 'False', 'RestaurantsGoodForGroups': 'True', 'BusinessParking': ""{'garage': False, 'street': True, 'validated': False, 'lot': False, 'valet': False}"", 'HappyHour': 'True'}","Bars, Restaurants, Gastropubs, Nightlife","{'Monday': '17:0-2:0', 'Tuesday': '17:0-2:0', 'Wednesday': '17:0-2:0', 'Thursday': '17:0-2:0', 'Friday': '17:0-2:0', 'Saturday': '15:0-2:0', 'Sunday': '15:0-2:0'}",Restaurants
0HDWFQ0PtF-BSDy1JMyQKg,Mi & Yu Noodle Bar,21 S 5th St,Philadelphia,PA,19106,39.9498515913,-75.1482060179,3.0,7,0,"{'Ambience': ""{'touristy': False, 'hipster': False, 'romantic': False, 'divey': False, 'intimate': False, 'trendy': False, 'upscale': False, 'classy': False, 'casual': False}"", 'BusinessParking': ""{'garage': False, 'street': False, 'validated': False, 'lot': False, 'valet': False}"", 'GoodForMeal': ""{'dessert': False, 'latenight': False, 'lunch': False, 'dinner': False, 'brunch': False, 'breakfast': False}""}","Noodles, Restaurants, Soup",,Restaurants
4gyjrSazXr3JNTvNYOJJBg,Fuzhou House,2202 South St,Philadelphia,PA,19146,39.9451201,-75.1788226,3.0,65,0,"{'Ambience': ""{'romantic': False, 'intimate': False, 'touristy': False, 'hipster': False, 'divey': False, 'classy': False, 'trendy': False, 'upscale': False, 'casual': True}"", 'RestaurantsTakeOut': 'True', 'RestaurantsAttire': ""u'casual'"", 'RestaurantsGoodForGroups': 'True', 'BusinessParking': ""{'garage': False, 'street': True, 'validated': False, 'lot': False, 'valet': False}"", 'Alcohol': ""u'none'"", 'RestaurantsPriceRange2': '1', 'Caters': 'False', 'OutdoorSeating': 'False', 'RestaurantsDelivery': 'True', 'NoiseLevel': ""u'quiet'"", 'GoodForKids': 'False', 'WiFi': ""u'no'"", 'RestaurantsReservations': 'False', 'GoodForMeal': ""{'dessert': False, 'latenight': True, 'lunch': True, 'dinner': True, 'brunch': False, 'breakfast': False}"", 'BikeParking': 'True', 'HasTV': 'True', 'BusinessAcceptsCreditCards': 'True'}","Restaurants, Chinese","{'Monday': '11:0-22:30', 'Tuesday': '11:0-22:30', 'Wednesday': '11:0-22:30', 'Thursday': '11:0-22:30', 'Friday': '11:0-23:0', 'Saturday': '11:0-23:0', 'Sunday': '12:0-22:0'}",Restaurants
i-FcfJpx8COXHJuj4PFb3Q,Azione,241 Chestnut St,Philadelphia,PA,19106,39.948674,-75.145814,2.0,5,1,"{'RestaurantsGoodForGroups': 'True', 'HasTV': 'True', 'GoodForKids': 'True', 'RestaurantsTakeOut': 'True', 'RestaurantsDelivery': 'False', 'RestaurantsReservations': 'True', 'RestaurantsPriceRange2': '2', 'BusinessAcceptsCreditCards': 'True', 'WiFi': ""u'no'"", 'RestaurantsAttire': ""u'casual'"", 'Alcohol': ""u'full_bar'"", 'Ambience': ""{'romantic': False, 'intimate': False, 'touristy': False, 'hipster': False, 'divey': False, 'classy': False, 'trendy': False, 'upscale': False, 'casual': False}"", 'Caters': 'False', 'OutdoorSeating': 'False', 'NoiseLevel': ""u'average'"", 'BusinessParking': ""{'garage': False, 'street': False, 'validated': False, 'lot': False, 'valet': False}""}","Restaurants, Italian",,Restaurants
muu6xdNuHlNA9iShXFvjcA,J&J South Philly Pizza,1177 S 9th St,Philadelphia,PA,19147,39.9343749,-75.1587416,2.5,156,1,"{'OutdoorSeating': 'True', 'RestaurantsDelivery': 'True', 'RestaurantsAttire': ""u'casual'"", 'RestaurantsReservations': 'False', 'BusinessParking': ""{'garage': False, 'street': True, 'validated': False, 'lot': False, 'valet': False}"", 'GoodForKids': 'True', 'RestaurantsGoodForGroups': 'True', 'Alcohol': ""'none'"", 'BikeParking': 'True', 'RestaurantsPriceRange2': '2', 'BusinessAcceptsCreditCards': 'True', 'NoiseLevel': ""u'average'"", 'WiFi': ""u'free'"", 'Caters': 'True', 'RestaurantsTakeOut': 'True', 'HasTV': 'True', 'WheelchairAccessible': 'True', 'Ambience': ""{'touristy': None, 'hipster': None, 'romantic': False, 'divey': None, 'intimate': False, 'trendy': False, 'upscale': False, 'classy': False, 'casual': None}"", 'GoodForMeal': ""{'dessert': False, 'latenight': None, 'lunch': True, 'dinner': None, 'brunch': False, 'breakfast': False}""}","American (Traditional), Restaurants, Italian, Pizza","{'Monday': '0:0-0:0', 'Tuesday': '9:0-0:0', 'Wednesday': '9:0-0:0', 'Thursday': '9:0-0:0', 'Friday': '9:0-0:0', 'Saturday': '9:0-0:0', 'Sunday': '9:0-0:0'}",Restaurants
4qG7aFq9-45830OfYt7gCA,Radicchio Cafe,402 Wood St,Philadelphia,PA,19106,39.956611,-75.1463377,4.0,309,1,"{'RestaurantsTakeOut': 'True', 'RestaurantsDelivery': 'False', 'BusinessParking': ""{'garage': False, 'street': True, 'validated': False, 'lot': False, 'valet': False}"", 'RestaurantsGoodForGroups': 'True', 'RestaurantsAttire': ""'casual'"", 'OutdoorSeating': 'True', 'RestaurantsPriceRange2': '2', 'BusinessAcceptsCreditCards': 'True', 'Alcohol': ""'none'"", 'BYOBCorkage': ""'yes_free'"", 'BikeParking': 'True', 'GoodForKids': 'False', 'NoiseLevel': ""u'average'"", 'DogsAllowed': 'False', 'BYOB': 'True', 'WheelchairAccessible': 'False', 'BusinessAcceptsBitcoin': 'False', 'HasTV': 'False', 'WiFi': ""u'no'"", 'RestaurantsTableService': 'True', 'Caters': 'True', 'HappyHour': 'False', 'RestaurantsReservations': 'True', 'Ambience': ""{'touristy': False, 'hipster': False, 'romantic': True, 'divey': False, 'intimate': None, 'trendy': False, 'upscale': False, 'classy': None, 'casual': None}"", 'Corkage': 'False', 'GoodForMeal': ""{'dessert': False, 'latenight': False, 'lunch': None, 'dinner': True, 'brunch': False, 'breakfast': False}""}","Cafes, Restaurants, Italian","{'Wednesday': '17:0-20:30', 'Thursday': '17:0-20:30', 'Friday': '17:0-20:30', 'Saturday': '17:0-20:30', 'Sunday': '17:0-20:30'}",Restaurants
4vy8j-L9zXXFH_wh2sVzAw,Bower Cafe,263 S 10th St,Philadelphia,PA,19107,39.946556,-75.157584,4.5,56,1,"{'WiFi': ""u'free'"", 'HasTV': 'True', 'OutdoorSeating': 'True', 'RestaurantsReservations': 'False', 'Ambience': ""{'touristy': False, 'hipster': False, 'romantic': False, 'divey': False, 'intimate': False, 'trendy': False, 'upscale': False, 'classy': False, 'casual': False}"", 'RestaurantsDelivery': 'True', 'GoodForMeal': ""{'dessert': False, 'latenight': False, 'lunch': False, 'dinner': False, 'brunch': False, 'breakfast': False}"", 'NoiseLevel': ""u'quiet'"", 'RestaurantsTakeOut': 'True', 'BusinessParking': ""{'garage': False, 'street': False, 'validated': False, 'lot': False, 'valet': False}""}","Restaurants, Cafes, Food, Coffee & Tea","{'Monday': '7:0-18:0', 'Tuesday': '7:0-18:0', 'Wednesday': '7:0-18:0', 'Thursday': '7:0-18:0', 'Friday': '7:0-18:0', 'Saturday': '8:0-18:0', 'Sunday': '8:0-18:0'}",Restaurants
yxLoc4VZMkD3AeoddRl8Ww,HOSHI'S,126 S 11th St,Philadelphia,PA,19107,39.949285,-75.159082,4.0,21,1,"{'BikeParking': 'True', 'RestaurantsAttire': ""'casual'"", 'GoodForMeal': ""{'dessert': False, 'latenight': False, 'lunch': False, 'dinner': False, 'brunch': False, 'breakfast': False}"", 'Ambience': ""{'romantic': False, 'intimate': False, 'classy': False, 'hipster': False, 'divey': False, 'touristy': False, 'trendy': False, 'upscale': False, 'casual': False}"", 'RestaurantsTakeOut': 'True', 'Alcohol': ""'none'"", 'RestaurantsDelivery': 'True', 'RestaurantsPriceRange2': '1', 'OutdoorSeating': 'False', 'RestaurantsReservations': 'False', 'NoiseLevel': ""u'quiet'"", 'GoodForKids': 'True', 'Caters': 'True', 'RestaurantsGoodForGroups': 'True', 'RestaurantsTableService': 'True', 'BusinessAcceptsCreditCards': 'True', 'HasTV': 'True', 'BusinessParking': 'None'}","Sushi Bars, Restaurants","{'Monday': '11:0-15:0', 'Tuesday': '11:0-15:0', 'Wednesday': '11:0-15:0', 'Thursday': '11:0-15:0', 'Friday': '11:0-15:0', 'Sunday': '11:0-15:0'}",Restaurants
OeO23GTZxF5tRnOXsYxCNA,Starbucks,200 Washington Square W,Philadelphia,PA,19106,39.9479710165,-75.154148,3.0,24,1,"{'WiFi': ""u'free'"", 'RestaurantsReservations': 'False', 'RestaurantsTakeOut': 'True', 'OutdoorSeating': 'True', 'RestaurantsDelivery': 'False', 'BikeParking': 'True', 'Alcohol': ""'none'"", 'RestaurantsGoodForGroups': 'False', 'GoodForKids': 'True', 'RestaurantsAttire': ""'casual'"", 'RestaurantsPriceRange2': '2', 'BusinessAcceptsCreditCards': 'True', 'HasTV': 'False', 'Ambience': ""{'romantic': False, 'intimate': False, 'classy': False, 'hipster': False, 'divey': False, 'touristy': False, 'trendy': False, 'upscale': False, 'casual': False}"", 'Caters': 'False', 'BusinessParking': ""{'garage': True, 'street': False, 'validated': False, 'lot': False, 'valet': False}"", 'NoiseLevel': ""u'quiet'""}","Breakfast & Brunch, Restaurants, Food, Coffee & Tea, Sandwiches","{'Monday': '0:0-0:0', 'Tuesday': '5:30-20:0', 'Wednesday': '5:30-20:0', 'Thursday': '5:30-20:0', 'Friday': '5:30-20:0', 'Saturday': '5:30-20:0', 'Sunday': '5:30-20:0'}",Restaurants
9o55tW2eCwxRvwWVQSzj5g,Trio,2601 Pennsylvania Ave,Philadelphia,PA,19130,39.9689060509,-75.1810369268,3.5,184,1,"{'RestaurantsGoodForGroups': 'True', 'RestaurantsAttire': ""'casual'"", 'RestaurantsDelivery': 'True', 'BusinessParking': ""{'garage': False, 'street': True, 'validated': False, 'lot': False, 'valet': False}"", 'WiFi': ""u'no'"", 'RestaurantsReservations': 'True', 'RestaurantsTakeOut': 'True', 'OutdoorSeating': 'True', 'Alcohol': ""u'none'"", 'BusinessAcceptsCreditCards': 'True', 'HasTV': 'False', 'NoiseLevel': ""u'average'"", 'RestaurantsPriceRange2': '2', 'BikeParking': 'True', 'Ambience': ""{'touristy': False, 'hipster': False, 'romantic': True, 'divey': False, 'intimate': False, 'trendy': False, 'upscale': False, 'classy': True, 'casual': False}"", 'GoodForMeal': ""{'dessert': False, 'latenight': False, 'lunch': False, 'dinner': True, 'brunch': False, 'breakfast': False}"", 'Caters': 'True', 'GoodForKids': 'False', 'RestaurantsTableService': 'True'}","Restaurants, Seafood, Thai","{'Monday': '0:0-0:0', 'Tuesday': '17:0-21:30', 'Wednesday': '17:0-21:30', 'Thursday': '17:0-21:30', 'Friday': '17:0-22:30', 'Saturday': '17:0-22:30', 'Sunday': '17:0-21:30'}",Restaurants
kaUqJ4AgfXxdwjF8rSQZqQ,Rittenhouse Tavern,251 S 18th St,Philadelphia,PA,19103,39.948237,-75.170793,3.5,48,0,"{'RestaurantsDelivery': 'False', 'RestaurantsPriceRange2': '3', 'OutdoorSeating': 'True', 'Alcohol': ""u'full_bar'"", 'BusinessParking': ""{'garage': False, 'street': True, 'validated': False, 'lot': False, 'valet': False}"", 'Ambience': ""{'touristy': False, 'hipster': False, 'romantic': True, 'divey': False, 'intimate': False, 'trendy': False, 'upscale': False, 'classy': False, 'casual': False}"", 'WiFi': ""u'no'"", 'RestaurantsTakeOut': 'False', 'RestaurantsGoodForGroups': 'True', 'GoodForKids': 'False', 'RestaurantsReservations': 'True', 'NoiseLevel': ""u'average'"", 'HasTV': 'False', 'BusinessAcceptsCreditCards': 'True', 'GoodForMeal': ""{'dessert': True, 'latenight': True, 'lunch': False, 'dinner': True, 'brunch': True, 'breakfast': False}"", 'RestaurantsAttire': ""u'casual'"", 'HappyHour': 'True', 'RestaurantsTableService': 'True'}","American (Traditional), American (New), Restaurants","{'Wednesday': '17:0-22:0', 'Thursday': '17:0-22:0', 'Friday': '17:0-23:0', 'Saturday': '17:0-23:0', 'Sunday': '11:0-17:0'}",Restaurants
I1pRPU_OB8-gzgKOSl9zFg,Society Hill Society,400 S 2nd St,Philadelphia,PA,19147,39.9428741,-75.1455204,4.0,42,0,"{'GoodForKids': 'False', 'WiFi': ""u'no'"", 'RestaurantsTableService': 'True', 'BikeParking': 'True', 'RestaurantsReservations': 'True', 'RestaurantsDelivery': 'False', 'OutdoorSeating': 'False', 'Ambience': ""{'romantic': False, 'intimate': False, 'classy': False, 'hipster': True, 'divey': False, 'touristy': False, 'trendy': False, 'upscale': False, 'casual': False}"", 'RestaurantsPriceRange2': '3', 'BusinessAcceptsCreditCards': 'True', 'RestaurantsTakeOut': 'False', 'RestaurantsGoodForGroups': 'False', 'GoodForMeal': ""{'dessert': True, 'latenight': False, 'lunch': False, 'dinner': False, 'brunch': False, 'breakfast': False}"", 'RestaurantsAttire': ""'casual'"", 'Alcohol': ""u'full_bar'"", 'NoiseLevel': ""u'average'"", 'HasTV': 'False'}","Restaurants, American (Traditional), American (New)","{'Monday': '16:0-22:0', 'Tuesday': '16:0-22:0', 'Wednesday': '16:0-22:0', 'Thursday': '16:0-23:0', 'Friday': '16:0-23:0', 'Saturday': '16:0-23:0', 'Sunday': '16:0-22:0'}",Restaurants
Q-prSTdggNlxAEFV88BZOw,Tria Cafe Wash West,1137 Spruce St,Philadelphia,PA,19107,39.9466238,-75.1609139,4.5,770,1,"{'Caters': 'False', 'WiFi': ""u'free'"", 'BusinessAcceptsCreditCards': 'True', 'BusinessParking': ""{'garage': False, 'street': True, 'validated': False, 'lot': False, 'valet': False}"", 'RestaurantsAttire': ""'casual'"", 'OutdoorSeating': 'True', 'BikeParking': 'True', 'Alcohol': ""'beer_and_wine'"", 'GoodForKids': 'False', 'RestaurantsPriceRange2': '2', 'NoiseLevel': ""u'average'"", 'BestNights': ""{'monday': False, 'tuesday': False, 'friday': True, 'wednesday': False, 'thursday': False, 'sunday': True, 'saturday': True}"", 'GoodForDancing': 'False', 'HasTV': 'False', 'WheelchairAccessible': 'False', 'Ambience': ""{'touristy': False, 'hipster': False, 'romantic': False, 'divey': False, 'intimate': False, 'trendy': True, 'upscale': False, 'classy': True, 'casual': False}"", 'DogsAllowed': 'True', 'RestaurantsGoodForGroups': 'True', 'GoodForMeal': ""{'dessert': None, 'latenight': None, 'lunch': None, 'dinner': True, 'brunch': False, 'breakfast': False}"", 'ByAppointmentOnly': 'False', 'HappyHour': 'False', 'BusinessAcceptsBitcoin': 'False', 'CoatCheck': 'True', 'Smoking': ""u'no'"", 'RestaurantsTakeOut': 'True', 'Music': ""{'dj': False, 'background_music': False, 'no_music': False, 'jukebox': False, 'live': False, 'video': False, 'karaoke': False}"", 'RestaurantsReservations': 'True', 'RestaurantsDelivery': 'True', 'RestaurantsTableService': 'True'}","Beer, Wine & Spirits, Wine Bars, Modern European, American (New), Cheese Shops, Specialty Food, Food, Restaurants, Bars, Nightlife","{'Monday': '0:0-0:0', 'Tuesday': '16:0-21:0', 'Wednesday': '16:0-21:0', 'Thursday': '16:0-21:0', 'Friday': '16:0-22:0', 'Saturday': '14:0-20:0', 'Sunday': '14:0-20:0'}",Restaurants
bNBtk8F-iiiWp6Z9Zi3ziA,Cosi,1700 Market St,Philadelphia,PA,19103,39.952890000000004,-75.169248,2.5,48,0,"{'Ambience': ""{'touristy': False, 'hipster': False, 'romantic': False, 'divey': False, 'intimate': False, 'trendy': False, 'upscale': False, 'classy': False, 'casual': False}"", 'Caters': 'False', 'NoiseLevel': ""u'quiet'"", 'HasTV': 'False', 'RestaurantsPriceRange2': '1', 'Alcohol': ""'none'"", 'RestaurantsDelivery': 'False', 'OutdoorSeating': 'False', 'RestaurantsAttire': ""u'casual'"", 'BusinessAcceptsCreditCards': 'True', 'RestaurantsGoodForGroups': 'True', 'WiFi': ""u'free'"", 'RestaurantsTakeOut': 'True', 'GoodForKids': 'True', 'BusinessParking': ""{'garage': False, 'street': True, 'validated': False, 'lot': False, 'valet': False}"", 'GoodForMeal': ""{'dessert': False, 'latenight': False, 'lunch': True, 'dinner': False, 'brunch': False, 'breakfast': False}"", 'RestaurantsReservations': 'False', 'BikeParking': 'False'}","Restaurants, Sandwiches, Food","{'Monday': '7:0-19:0', 'Tuesday': '7:0-19:0', 'Wednesday': '7:0-19:0', 'Thursday': '7:0-19:0', 'Friday': '7:0-19:0'}",Restaurants
cGX-1IUwXOjkUqZbkKYcjw,Fogo de Chao,1337 Chestnut St,Philadelphia,PA,19107,39.9509166,-75.1629711,4.0,1426,1,"{'Corkage': 'False', 'BusinessAcceptsCreditCards': 'True', 'NoiseLevel': ""u'average'"", 'RestaurantsGoodForGroups': 'True', 'HasTV': 'False', 'RestaurantsAttire': ""'casual'"", 'Alcohol': ""'full_bar'"", 'RestaurantsReservations': 'True', 'BikeParking': 'False', 'Ambience': ""{'romantic': False, 'intimate': False, 'touristy': False, 'hipster': False, 'divey': False, 'classy': True, 'trendy': False, 'upscale': False, 'casual': False}"", 'GoodForKids': 'False', 'BYOBCorkage': ""'no'"", 'WiFi': ""u'no'"", 'RestaurantsTableService': 'False', 'RestaurantsDelivery': 'True', 'GoodForMeal': ""{'dessert': False, 'latenight': False, 'lunch': None, 'dinner': True, 'brunch': False, 'breakfast': False}"", 'HappyHour': 'True', 'Caters': 'True', 'RestaurantsTakeOut': 'True', 'BusinessParking': ""{'garage': True, 'street': True, 'validated': False, 'lot': False, 'valet': True}"", 'RestaurantsPriceRange2': '4', 'OutdoorSeating': 'True'}","Seafood, Steakhouses, Brazilian, Restaurants","{'Monday': '17:30-22:0', 'Tuesday': '17:30-22:0', 'Wednesday': '17:30-22:0', 'Thursday': '17:30-22:0', 'Friday': '11:0-22:30', 'Saturday': '11:30-22:30', 'Sunday': '11:30-21:0'}",Restaurants
LzVvcVm48zYIcQnwLKt1oA,Catahoula,775 S Front St,Philadelphia,PA,19147,39.9378923,-75.144601,4.0,330,0,"{'BikeParking': 'True', 'GoodForKids': 'False', 'RestaurantsTakeOut': 'True', 'RestaurantsGoodForGroups': 'True', 'HasTV': 'True', 'RestaurantsAttire': ""u'casual'"", 'NoiseLevel': ""u'average'"", 'Alcohol': ""u'full_bar'"", 'BusinessParking': ""{'garage': False, 'street': True, 'validated': False, 'lot': False, 'valet': False}"", 'OutdoorSeating': 'True', 'BusinessAcceptsCreditCards': 'True', 'WiFi': ""u'free'"", 'Music': ""{'dj': False, 'background_music': False, 'no_music': False, 'jukebox': False, 'live': False, 'video': False, 'karaoke': False}"", 'Ambience': ""{'touristy': False, 'hipster': False, 'romantic': False, 'divey': False, 'intimate': False, 'trendy': False, 'upscale': False, 'classy': True, 'casual': True}"", 'RestaurantsReservations': 'True', 'DogsAllowed': 'True', 'RestaurantsTableService': 'True', 'RestaurantsDelivery': 'None', 'CoatCheck': 'False', 'BestNights': ""{'monday': False, 'tuesday': False, 'friday': True, 'wednesday': False, 'thursday': False, 'sunday': True, 'saturday': True}"", 'RestaurantsPriceRange2': '2', 'GoodForMeal': ""{'dessert': False, 'latenight': False, 'lunch': None, 'dinner': True, 'brunch': None, 'breakfast': False}"", 'HappyHour': 'True', 'Smoking': ""u'outdoor'"", 'Caters': 'True'}","Bars, Restaurants, Cajun/Creole, American (Traditional), Breakfast & Brunch, Barbeque, Nightlife","{'Wednesday': '16:0-22:0', 'Thursday': '16:0-22:0', 'Friday': '16:0-22:0', 'Saturday': '16:0-22:0', 'Sunday': '16:0-22:0'}",Restaurants
rD85GRZ7VA1ImLdyKDqsZQ,Southside Chicken & Seafood,1508 Point Breeze Ave,Philadelphia,PA,19146,39.933172,-75.181012,1.5,18,1,"{'Alcohol': ""'none'"", 'RestaurantsGoodForGroups': 'True', 'GoodForKids': 'True', 'RestaurantsAttire': ""'casual'"", 'RestaurantsPriceRange2': '1', 'Ambience': ""{'romantic': False, 'intimate': False, 'touristy': False, 'hipster': False, 'divey': False, 'classy': False, 'trendy': False, 'upscale': False, 'casual': False}"", 'BikeParking': 'True', 'BusinessAcceptsCreditCards': 'True', 'RestaurantsReservations': 'True', 'HasTV': 'True', 'RestaurantsDelivery': 'True', 'RestaurantsTakeOut': 'True'}","Restaurants, Pizza",,Restaurants
arLEOxR9BG4pORv7oRUGfA,Lucy's Hat Shop,247 Market St,Philadelphia,PA,19106,39.9504469,-75.14518,3.0,75,0,"{'BusinessAcceptsCreditCards': 'True', 'RestaurantsPriceRange2': '1', 'RestaurantsDelivery': 'False', 'RestaurantsReservations': 'False', 'BusinessParking': ""{'garage': False, 'street': True, 'validated': False, 'lot': False, 'valet': False}"", 'RestaurantsTakeOut': 'False', 'RestaurantsAttire': ""'casual'"", 'Caters': 'False', 'NoiseLevel': ""u'very_loud'"", 'OutdoorSeating': 'False', 'GoodForKids': 'False', 'RestaurantsGoodForGroups': 'True', 'Alcohol': ""'full_bar'"", 'WiFi': ""u'free'"", 'HasTV': 'True', 'Ambience': ""{'touristy': False, 'hipster': False, 'romantic': False, 'divey': None, 'intimate': False, 'trendy': False, 'upscale': False, 'classy': False, 'casual': True}""}","American (Traditional), Bars, Lounges, American (New), Mexican, Restaurants, Sports Bars, Nightlife, Pubs","{'Thursday': '19:0-2:0', 'Friday': '19:0-2:0', 'Saturday': '19:0-2:0'}",Restaurants
_SI5c972vgc9q4fQQ4CnhQ,Tampopo 2,719 Sansom St,Philadelphia,PA,19106,39.9487805,-75.1533257,3.5,15,0,"{'Alcohol': ""u'none'"", 'RestaurantsPriceRange2': '1', 'BusinessParking': ""{'garage': False, 'street': False, 'validated': False, 'lot': False, 'valet': False}"", 'RestaurantsGoodForGroups': 'True', 'RestaurantsAttire': ""'casual'"", 'GoodForKids': 'True', 'RestaurantsTakeOut': 'True', 'RestaurantsReservations': 'True', 'RestaurantsDelivery': 'True', 'OutdoorSeating': 'False', 'BusinessAcceptsCreditCards': 'True'}","Japanese, Restaurants",,Restaurants
9ZmVhCA2m3yK2mXHDFUlfA,The Pizza Shack,1500 W Porter St,Philadelphia,PA,19145,39.9194912,-75.1726302,3.5,85,1,"{'RestaurantsTakeOut': 'True', 'GoodForKids': 'True', 'RestaurantsDelivery': 'True', 'NoiseLevel': ""u'average'"", 'RestaurantsReservations': 'False', 'WiFi': ""u'no'"", 'Caters': 'True', 'Alcohol': ""u'none'"", 'RestaurantsGoodForGroups': 'False', 'BusinessAcceptsCreditCards': 'True', 'BusinessParking': ""{'garage': False, 'street': True, 'validated': False, 'lot': False, 'valet': False}"", 'RestaurantsAttire': ""u'casual'"", 'RestaurantsPriceRange2': '2', 'HasTV': 'True', 'OutdoorSeating': 'False', 'Ambience': ""{'touristy': None, 'hipster': False, 'romantic': False, 'divey': None, 'intimate': False, 'trendy': False, 'upscale': False, 'classy': False, 'casual': True}"", 'GoodForMeal': ""{'dessert': False, 'latenight': True, 'lunch': True, 'dinner': True, 'brunch': False, 'breakfast': False}"", 'BikeParking': 'False'}","Pizza, Restaurants","{'Monday': '11:0-22:0', 'Tuesday': '11:0-22:0', 'Wednesday': '11:0-22:0', 'Thursday': '11:0-22:0', 'Friday': '11:0-23:0', 'Saturday': '11:0-23:0', 'Sunday': '12:0-21:0'}",Restaurants
pq-vWtG-d6bvzCnE-dKShQ,Kai Japanese Cuisine,12 S 10th St,Philadelphia,PA,19107,39.950949,-75.1570348,4.5,141,1,"{'HasTV': 'False', 'GoodForKids': 'True', 'RestaurantsTakeOut': 'True', 'OutdoorSeating': 'False', 'NoiseLevel': ""u'quiet'"", 'RestaurantsTableService': 'True', 'BikeParking': 'False', 'RestaurantsAttire': ""'casual'"", 'BusinessParking': ""{'garage': True, 'street': True, 'validated': False, 'lot': False, 'valet': False}"", 'WiFi': ""u'free'"", 'BusinessAcceptsCreditCards': 'True', 'RestaurantsDelivery': 'True', 'Alcohol': ""'none'"", 'RestaurantsGoodForGroups': 'True', 'Caters': 'True', 'RestaurantsPriceRange2': '2', 'WheelchairAccessible': 'False', 'DogsAllowed': 'False', 'RestaurantsReservations': 'True', 'GoodForMeal': ""{'dessert': False, 'latenight': False, 'lunch': True, 'dinner': True, 'brunch': False, 'breakfast': False}"", 'Ambience': ""{'touristy': False, 'hipster': False, 'romantic': False, 'divey': False, 'intimate': None, 'trendy': False, 'upscale': False, 'classy': False, 'casual': True}""}","Sushi Bars, Japanese, Restaurants","{'Monday': '11:0-21:0', 'Wednesday': '11:0-21:0', 'Thursday': '11:0-21:0', 'Friday': '11:0-21:0', 'Saturday': '14:30-21:0', 'Sunday': '11:0-21:0'}",Restaurants
zLRRim8tu00cvU7QjAJAmQ,Convenient Food Mart,1326 Spruce St,Philadelphia,PA,19107,39.946666,-75.163993,4.5,12,1,"{'Ambience': ""{'touristy': False, 'hipster': False, 'romantic': False, 'divey': False, 'intimate': False, 'trendy': False, 'upscale': False, 'classy': False, 'casual': False}"", 'RestaurantsPriceRange2': '1', 'BikeParking': 'True', 'WheelchairAccessible': 'True', 'Alcohol': ""u'beer_and_wine'"", 'HappyHour': 'False', 'GoodForKids': 'True', 'RestaurantsGoodForGroups': 'True', 'Caters': 'True', 'BusinessParking': ""{'garage': False, 'street': True, 'validated': False, 'lot': False, 'valet': False}"", 'RestaurantsTakeOut': 'True', 'GoodForMeal': ""{'dessert': False, 'latenight': False, 'lunch': False, 'dinner': False, 'brunch': False, 'breakfast': False}"", 'NoiseLevel': ""u'average'"", 'BusinessAcceptsCreditCards': 'True', 'RestaurantsReservations': 'False', 'GoodForDancing': 'False', 'Smoking': ""u'outdoor'""}","Delis, Nightlife, Food, Beer Bar, Convenience Stores, Bars, Restaurants","{'Monday': '8:0-20:0', 'Tuesday': '8:0-20:0', 'Wednesday': '8:0-20:0', 'Thursday': '8:0-20:0', 'Friday': '8:0-21:0', 'Saturday': '9:0-20:0', 'Sunday': '9:0-18:0'}",Restaurants
JPfe9B-RLrE5Nz75kcKImQ,Govinda's Vegetarian,1408 South St,Philadelphia,PA,19146,39.943571,-75.1659929,3.5,476,0,"{'BusinessAcceptsCreditCards': 'True', 'BusinessParking': ""{'garage': False, 'street': True, 'validated': False, 'lot': False, 'valet': False}"", 'RestaurantsReservations': 'False', 'WiFi': ""u'free'"", 'RestaurantsAttire': ""'casual'"", 'BYOBCorkage': ""'yes_free'"", 'NoiseLevel': ""u'average'"", 'GoodForKids': 'True', 'RestaurantsGoodForGroups': 'True', 'Alcohol': ""'none'"", 'Corkage': 'False', 'OutdoorSeating': 'True', 'HasTV': 'False', 'RestaurantsPriceRange2': '1', 'BikeParking': 'True', 'RestaurantsTakeOut': 'True', 'Caters': 'True', 'ByAppointmentOnly': 'False', 'HappyHour': 'False', 'WheelchairAccessible': 'True', 'RestaurantsTableService': 'False', 'Ambience': ""{'touristy': False, 'hipster': False, 'romantic': False, 'divey': False, 'intimate': False, 'trendy': False, 'upscale': False, 'classy': True, 'casual': True}"", 'RestaurantsDelivery': 'True', 'GoodForMeal': ""{'dessert': False, 'latenight': False, 'lunch': True, 'dinner': True, 'brunch': False, 'breakfast': False}""}","Vegan, Cheesesteaks, Restaurants, Vegetarian, Sandwiches","{'Monday': '11:0-23:0', 'Tuesday': '11:0-23:0', 'Wednesday': '11:0-23:0', 'Thursday': '11:0-23:0', 'Friday': '11:0-0:0', 'Saturday': '11:0-0:0', 'Sunday': '11:0-22:0'}",Restaurants
picPFi6JAQ6VDQUCOqftmQ,Pennsport Market & Deli,1425 E Moyamensing Ave,Philadelphia,PA,19147,39.9297436,-75.1498359,2.5,5,1,"{'BusinessAcceptsCreditCards': 'False', 'BusinessParking': ""{'garage': False, 'street': False, 'validated': False, 'lot': False, 'valet': False}""}","Coffee & Tea, Delis, Food, Grocery, Restaurants","{'Monday': '7:0-19:0', 'Tuesday': '7:0-19:0', 'Wednesday': '7:0-19:0', 'Thursday': '7:0-19:0', 'Friday': '7:0-19:0'}",Restaurants
XpQz8LfaxU_-epzBZ48s9Q,Archies's Restaurant,1030 S 8th St,Philadelphia,PA,19147,39.9354969134,-75.154320095,4.5,23,0,"{'RestaurantsPriceRange2': '1', 'RestaurantsGoodForGroups': 'True', 'RestaurantsAttire': ""u'casual'"", 'NoiseLevel': ""u'average'"", 'Ambience': ""{'romantic': False, 'intimate': False, 'classy': False, 'hipster': False, 'divey': False, 'touristy': False, 'trendy': False, 'upscale': False, 'casual': True}"", 'HasTV': 'True', 'GoodForKids': 'True', 'WiFi': ""u'free'"", 'BusinessAcceptsCreditCards': 'True', 'BusinessParking': ""{'garage': False, 'street': True, 'validated': False, 'lot': False, 'valet': False}"", 'RestaurantsTakeOut': 'True', 'Caters': 'True', 'RestaurantsDelivery': 'True', 'OutdoorSeating': 'True', 'RestaurantsReservations': 'True'}","Mexican, Restaurants","{'Monday': '10:30-21:0', 'Tuesday': '10:30-21:0', 'Wednesday': '10:30-21:0', 'Thursday': '10:30-21:0', 'Friday': '10:30-21:0', 'Saturday': '10:30-21:0', 'Sunday': '11:0-18:0'}",Restaurants
Waz1bXpzTgfB9DOouGjJ2Q,Midori Sushi,516 S 5th St,Philadelphia,PA,19147,39.9423842,-75.1507361,5.0,18,1,"{'Corkage': 'False', 'HasTV': 'True', 'Alcohol': ""u'none'"", 'WiFi': ""u'free'"", 'RestaurantsTableService': 'False', 'OutdoorSeating': 'False', 'Caters': 'True', 'BusinessAcceptsCreditCards': 'True', 'RestaurantsDelivery': 'True', 'BusinessParking': ""{'garage': False, 'street': True, 'validated': False, 'lot': False, 'valet': False}"", 'BikeParking': 'True', 'BusinessAcceptsBitcoin': 'False', 'RestaurantsTakeOut': 'True', 'BYOB': 'True', 'WheelchairAccessible': 'True'}","Salad, Sushi Bars, Japanese, Restaurants","{'Monday': '12:0-22:0', 'Tuesday': '12:0-22:0', 'Wednesday': '12:0-22:0', 'Thursday': '12:0-22:0', 'Friday': '12:0-22:0', 'Saturday': '12:0-22:0'}",Restaurants
pmIVrqAy4gxBUqomsCL6Ig,Subway,1701 Benjamin Franklin Pkwy,Philadelphia,PA,19103,39.9562697,-75.1679039,3.0,14,1,"{'RestaurantsPriceRange2': '1', 'RestaurantsTakeOut': 'True', 'RestaurantsReservations': 'False', 'BusinessAcceptsCreditCards': 'True', 'Alcohol': ""u'none'"", 'RestaurantsGoodForGroups': 'False', 'OutdoorSeating': 'False', 'BusinessParking': ""{'garage': False, 'street': True, 'validated': False, 'lot': False, 'valet': False}"", 'HasTV': 'True', 'GoodForKids': 'True', 'RestaurantsAttire': ""'casual'"", 'RestaurantsDelivery': 'False', 'Caters': 'True'}","Restaurants, Sandwiches, Fast Food, Food, Salad, Pizza","{'Monday': '0:0-0:0', 'Tuesday': '0:0-0:0', 'Wednesday': '0:0-0:0', 'Thursday': '0:0-0:0', 'Friday': '0:0-0:0', 'Saturday': '0:0-0:0', 'Sunday': '0:0-0:0'}",Restaurants
qBwOLby0sOJd3QG1o76W2w,Veda - Modern Indian Bistro,1920 Chestnut St,Philadelphia,PA,19103,39.9517805,-75.1729152,4.0,465,1,"{'DogsAllowed': 'False', 'RestaurantsAttire': ""'casual'"", 'Ambience': ""{'touristy': False, 'hipster': False, 'romantic': True, 'divey': False, 'intimate': False, 'trendy': True, 'upscale': True, 'classy': True, 'casual': False}"", 'CoatCheck': 'True', 'Music': ""{'dj': False, 'background_music': False, 'no_music': False, 'jukebox': False, 'live': False, 'video': False, 'karaoke': False}"", 'GoodForKids': 'True', 'RestaurantsReservations': 'True', 'ByAppointmentOnly': 'False', 'WheelchairAccessible': 'True', 'HappyHour': 'True', 'RestaurantsGoodForGroups': 'True', 'Smoking': ""u'no'"", 'WiFi': ""u'free'"", 'BestNights': ""{'monday': False, 'tuesday': False, 'friday': True, 'wednesday': True, 'thursday': False, 'sunday': False, 'saturday': True}"", 'RestaurantsTableService': 'True', 'BusinessParking': ""{'garage': True, 'street': True, 'validated': False, 'lot': False, 'valet': False}"", 'Alcohol': ""u'full_bar'"", 'BikeParking': 'True', 'GoodForDancing': 'False', 'RestaurantsTakeOut': 'True', 'RestaurantsPriceRange2': '2', 'BusinessAcceptsCreditCards': 'True', 'GoodForMeal': ""{u'breakfast': False, u'brunch': None, u'lunch': True, u'dinner': True, u'latenight': None, u'dessert': None}"", 'NoiseLevel': ""u'average'"", 'BusinessAcceptsBitcoin': 'False', 'Caters': 'True', 'RestaurantsDelivery': 'True', 'OutdoorSeating': 'False', 'HasTV': 'True'}","Restaurants, Tapas/Small Plates, Bars, Nightlife, Cocktail Bars, Indian, Breakfast & Brunch","{'Monday': '16:30-21:30', 'Tuesday': '16:30-21:30', 'Wednesday': '16:30-21:30', 'Thursday': '16:30-21:30', 'Friday': '16:30-22:0', 'Saturday': '16:0-21:30', 'Sunday': '16:30-21:30'}",Restaurants
ZFpJ-BvA1riQgzvW29JyiQ,Old Nelson Food Company,129 S 30th St,Philadelphia,PA,19104,39.9525428831,-75.1836169207,3.5,37,1,"{'RestaurantsReservations': 'False', 'GoodForKids': 'True', 'OutdoorSeating': 'False', 'RestaurantsGoodForGroups': 'False', 'RestaurantsTakeOut': 'True', 'BusinessAcceptsCreditCards': 'True', 'RestaurantsDelivery': 'False', 'Caters': 'False', 'NoiseLevel': ""u'average'"", 'BikeParking': 'True', 'WiFi': ""u'no'"", 'Ambience': ""{'touristy': False, 'hipster': False, 'romantic': False, 'divey': False, 'intimate': False, 'trendy': False, 'upscale': False, 'classy': False, 'casual': False}"", 'RestaurantsAttire': ""u'casual'"", 'RestaurantsPriceRange2': '1', 'BusinessParking': ""{'garage': False, 'street': True, 'validated': False, 'lot': False, 'valet': False}"", 'Alcohol': ""u'none'"", 'GoodForMeal': ""{'dessert': False, 'latenight': False, 'lunch': True, 'dinner': False, 'brunch': False, 'breakfast': False}"", 'HasTV': 'True'}","Delis, Restaurants, Sandwiches","{'Monday': '6:0-22:0', 'Tuesday': '6:0-22:0', 'Wednesday': '6:0-22:0', 'Thursday': '6:0-22:0', 'Friday': '6:0-22:0', 'Saturday': '8:0-21:0', 'Sunday': '8:0-18:0'}",Restaurants
agTcS5LYZJe4gNiXK6nNkw,Buca D’Oro ,711 Locust St,Philadelphia,PA,19106,39.9470772078,-75.1541655511,4.0,5,1,"{'RestaurantsDelivery': 'False', 'RestaurantsTakeOut': 'True', 'RestaurantsTableService': 'True', 'BusinessAcceptsCreditCards': 'True', 'OutdoorSeating': 'True', 'Alcohol': ""u'none'""}","Italian, Restaurants","{'Monday': '17:0-21:0', 'Tuesday': '17:0-21:0', 'Wednesday': '17:0-21:0', 'Thursday': '17:0-21:0', 'Friday': '17:0-22:0', 'Saturday': '17:0-22:0', 'Sunday': '17:0-21:0'}",Restaurants
tVrv3if79QDhZXKX-rJpqA,Papa John's,1109 S Broad St,Philadelphia,PA,19147,39.9374369,-75.1665332,2.5,33,0,"{'BusinessAcceptsCreditCards': 'True', 'RestaurantsTakeOut': 'True', 'RestaurantsDelivery': 'True', 'RestaurantsPriceRange2': '1', 'RestaurantsReservations': 'False', 'WiFi': ""'no'"", 'Ambience': ""{'romantic': False, 'intimate': False, 'classy': False, 'hipster': False, 'divey': False, 'touristy': False, 'trendy': False, 'upscale': False, 'casual': False}"", 'NoiseLevel': ""'average'"", 'OutdoorSeating': 'False', 'RestaurantsGoodForGroups': 'False', 'Alcohol': ""u'none'"", 'GoodForKids': 'True', 'BikeParking': 'True', 'RestaurantsAttire': ""'casual'"", 'HasTV': 'True'}","Pizza, Restaurants","{'Monday': '11:0-22:15', 'Tuesday': '11:0-22:15', 'Wednesday': '11:0-22:15', 'Thursday': '11:0-22:15', 'Friday': '11:0-23:15', 'Saturday': '11:0-23:15', 'Sunday': '11:0-22:15'}",Restaurants
wTZMIjj8RHMamUO1WzLTlQ,Medora's Mecca,3101 S 13th St,Philadelphia,PA,19148,39.9111935,-75.1701086,3.5,9,0,"{'RestaurantsPriceRange2': '2', 'RestaurantsTakeOut': 'True', 'Ambience': ""{'romantic': False, 'intimate': False, 'touristy': False, 'hipster': False, 'divey': False, 'classy': False, 'trendy': False, 'upscale': False, 'casual': False}"", 'GoodForKids': 'True', 'NoiseLevel': ""u'average'"", 'RestaurantsDelivery': 'False', 'Alcohol': ""u'full_bar'""}","Restaurants, Italian",,Restaurants
3FKIev7ZB_KE6XHL9sUJCg,Strangelove's,216 S 11th St,Philadelphia,PA,19107,39.948089,-75.1592111423,4.0,443,1,"{'BusinessAcceptsCreditCards': 'True', 'RestaurantsGoodForGroups': 'True', 'BikeParking': 'True', 'Alcohol': ""u'full_bar'"", 'RestaurantsPriceRange2': '2', 'NoiseLevel': ""u'average'"", 'RestaurantsReservations': 'True', 'HasTV': 'True', 'Ambience': ""{'touristy': False, 'hipster': False, 'romantic': False, 'divey': False, 'intimate': False, 'trendy': False, 'upscale': False, 'classy': True, 'casual': True}"", 'ByAppointmentOnly': 'False', 'HappyHour': 'True', 'RestaurantsTableService': 'True', 'Music': ""{'dj': False, 'background_music': False, 'no_music': False, 'jukebox': False, 'live': False, 'video': False, 'karaoke': False}"", 'OutdoorSeating': 'True', 'RestaurantsDelivery': 'True', 'WheelchairAccessible': 'False', 'Smoking': ""u'no'"", 'WiFi': ""'free'"", 'GoodForMeal': ""{'dessert': False, 'latenight': False, 'lunch': False, 'dinner': False, 'brunch': False, 'breakfast': False}"", 'BestNights': ""{'monday': False, 'tuesday': False, 'friday': True, 'wednesday': False, 'thursday': True, 'sunday': False, 'saturday': True}"", 'CoatCheck': 'False', 'RestaurantsTakeOut': 'True', 'BusinessParking': ""{'garage': False, 'street': True, 'validated': False, 'lot': True, 'valet': False}""}","Nightlife, Event Planning & Services, Local Flavor, Bars, American (Traditional), Restaurants, Unofficial Yelp Events","{'Monday': '11:30-2:0', 'Tuesday': '11:30-2:0', 'Wednesday': '11:30-2:0', 'Thursday': '11:30-2:0', 'Friday': '11:30-2:0', 'Saturday': '10:0-2:0', 'Sunday': '10:0-0:0'}",Restaurants
U06K56fiCWYTtktwQkZ9TA,McDonald's,942 Market St,Philadelphia,PA,19107,39.951242,-75.15668,1.5,28,0,"{'RestaurantsGoodForGroups': 'False', 'BusinessParking': ""{'garage': False, 'street': False, 'validated': False, 'lot': False, 'valet': False}"", 'WiFi': ""'no'"", 'BusinessAcceptsCreditCards': 'True', 'RestaurantsAttire': ""u'casual'"", 'NoiseLevel': ""u'average'"", 'OutdoorSeating': 'False', 'Alcohol': ""u'none'"", 'Ambience': ""{'romantic': False, 'intimate': False, 'touristy': False, 'hipster': False, 'divey': False, 'classy': False, 'trendy': False, 'upscale': False, 'casual': False}"", 'BikeParking': 'False', 'RestaurantsTakeOut': 'True', 'RestaurantsReservations': 'False', 'RestaurantsDelivery': 'False', 'HasTV': 'False', 'GoodForKids': 'True', 'RestaurantsPriceRange2': '1'}","Fast Food, Burgers, Restaurants",,Restaurants
0SWqECZ39P2MlmeXbKnUjg,Asia On the Parkway,1700 Benjamin Franklin Pkwy,Philadelphia,PA,19103,39.9557404,-75.1683553,3.0,141,1,"{'Alcohol': ""u'full_bar'"", 'RestaurantsDelivery': 'True', 'BusinessAcceptsCreditCards': 'True', 'RestaurantsAttire': ""u'casual'"", 'RestaurantsReservations': 'True', 'NoiseLevel': ""u'quiet'"", 'RestaurantsGoodForGroups': 'True', 'WiFi': ""'free'"", 'RestaurantsTakeOut': 'True', 'GoodForKids': 'True', 'RestaurantsPriceRange2': '2', 'OutdoorSeating': 'True', 'BikeParking': 'False', 'Ambience': ""{'romantic': False, 'intimate': False, 'classy': False, 'hipster': False, 'divey': False, 'touristy': False, 'trendy': False, 'upscale': False, 'casual': True}"", 'HasTV': 'True', 'HappyHour': 'True', 'GoodForMeal': ""{'dessert': None, 'latenight': False, 'lunch': True, 'dinner': True, 'brunch': False, 'breakfast': False}"", 'Caters': 'True', 'BusinessParking': ""{'garage': False, 'street': True, 'validated': False, 'lot': False, 'valet': False}"", 'RestaurantsTableService': 'True'}","Singaporean, Restaurants, Asian Fusion, Thai","{'Monday': '11:0-22:0', 'Tuesday': '11:0-22:0', 'Wednesday': '11:0-22:0', 'Thursday': '11:0-22:0', 'Friday': '11:0-23:0', 'Saturday': '11:0-23:0', 'Sunday': '11:0-22:0'}",Restaurants
9THOqAjKxNGHYVqobMEVWA,The Crocodile,110 Chestnut St,Philadelphia,PA,19106,39.948013,-75.143017,3.5,17,0,"{'BusinessParking': ""{'garage': False, 'street': True, 'validated': False, 'lot': False, 'valet': False}"", 'BusinessAcceptsCreditCards': 'True', 'Alcohol': ""u'full_bar'"", 'RestaurantsPriceRange2': '1', 'NoiseLevel': ""u'very_loud'"", 'RestaurantsTakeOut': 'False', 'WiFi': ""u'no'"", 'RestaurantsAttire': ""u'casual'"", 'OutdoorSeating': 'False', 'Ambience': ""{'romantic': False, 'intimate': False, 'touristy': False, 'hipster': False, 'divey': False, 'classy': False, 'trendy': False, 'upscale': False, 'casual': False}"", 'GoodForKids': 'False', 'RestaurantsGoodForGroups': 'True', 'RestaurantsReservations': 'False', 'RestaurantsDelivery': 'False'}","Nightlife, Arts & Entertainment, Food, Pizza, Restaurants, Beer, Wine & Spirits, Bars, Music Venues, Lounges","{'Monday': '17:0-2:0', 'Wednesday': '17:0-2:0', 'Thursday': '17:0-2:0', 'Friday': '17:0-2:0', 'Saturday': '17:0-2:0', 'Sunday': '17:0-2:0'}",Restaurants
K1PVi_o6gMkuASnnFR9hWw,Good Day Deli,37 S 20th St,Philadelphia,PA,19103,39.9524039,-75.173278,4.0,40,1,"{'BusinessParking': ""{'garage': False, 'street': True, 'validated': False, 'lot': False, 'valet': False}"", 'RestaurantsTakeOut': 'True', 'RestaurantsReservations': 'False', 'RestaurantsDelivery': 'True', 'Caters': 'True', 'Alcohol': ""u'none'"", 'RestaurantsPriceRange2': '1', 'RestaurantsAttire': ""u'casual'"", 'WiFi': ""u'no'"", 'BusinessAcceptsCreditCards': 'True', 'OutdoorSeating': 'False', 'RestaurantsGoodForGroups': 'False', 'NoiseLevel': ""u'average'"", 'BikeParking': 'True', 'GoodForMeal': ""{'dessert': False, 'latenight': False, 'lunch': True, 'dinner': False, 'brunch': False, 'breakfast': True}"", 'GoodForKids': 'True', 'HasTV': 'True', 'Ambience': ""{'romantic': False, 'intimate': False, 'touristy': False, 'hipster': False, 'divey': False, 'classy': False, 'trendy': False, 'upscale': False, 'casual': True}""}","Restaurants, Delis, Sandwiches","{'Monday': '7:0-17:0', 'Tuesday': '7:0-17:0', 'Wednesday': '7:0-17:0', 'Thursday': '7:0-17:0', 'Friday': '7:0-17:0', 'Saturday': '8:0-16:0'}",Restaurants
NwNGKIf_eQwvr6tzFX6eRA,ShopRite of Whitman Plaza,330 Oregon Ave,Philadelphia,PA,19148,39.9143301122,-75.1531118029,2.5,43,1,"{'BusinessAcceptsCreditCards': 'True', 'ByAppointmentOnly': 'False', 'Caters': 'True', 'RestaurantsPriceRange2': '2', 'BusinessParking': ""{'garage': False, 'street': False, 'validated': False, 'lot': True, 'valet': False}"", 'GoodForKids': 'True', 'BikeParking': 'True', 'NoiseLevel': ""u'average'"", 'RestaurantsTakeOut': 'True'}","Food, Grocery, Restaurants, Delis, Bakeries","{'Monday': '6:0-23:0', 'Tuesday': '6:0-23:0', 'Wednesday': '6:0-23:0', 'Thursday': '6:0-23:0', 'Friday': '6:0-23:0', 'Saturday': '6:0-23:0', 'Sunday': '6:0-22:0'}",Restaurants
2qVZiMB22YPC2HCM62Gnbw,Scarpetta,210 W Rittenhouse Square,Philadelphia,PA,19103,39.9498657277,-75.1733916253,4.0,213,1,"{'BikeParking': 'True', 'Smoking': ""u'no'"", 'CoatCheck': 'True', 'RestaurantsTableService': 'True', 'RestaurantsGoodForGroups': 'True', 'WheelchairAccessible': 'True', 'Caters': 'False', 'GoodForDancing': 'False', 'RestaurantsReservations': 'True', 'HasTV': 'True', 'RestaurantsPriceRange2': '3', 'BestNights': ""{'monday': False, 'tuesday': False, 'friday': True, 'wednesday': True, 'thursday': False, 'sunday': False, 'saturday': True}"", 'Ambience': ""{'touristy': False, 'hipster': False, 'romantic': False, 'divey': False, 'intimate': False, 'trendy': False, 'upscale': True, 'classy': True, 'casual': False}"", 'RestaurantsTakeOut': 'True', 'DogsAllowed': 'False', 'BusinessAcceptsBitcoin': 'False', 'GoodForMeal': ""{'dessert': None, 'latenight': False, 'lunch': None, 'dinner': True, 'brunch': False, 'breakfast': False}"", 'Music': ""{'dj': False, 'background_music': False, 'no_music': False, 'jukebox': False, 'live': False, 'video': False, 'karaoke': False}"", 'WiFi': ""u'free'"", 'HappyHour': 'False', 'OutdoorSeating': 'True', 'GoodForKids': 'False', 'NoiseLevel': ""u'loud'"", 'BusinessAcceptsCreditCards': 'True', 'BusinessParking': ""{'garage': False, 'street': True, 'validated': False, 'lot': False, 'valet': True}"", 'RestaurantsAttire': ""'dressy'"", 'RestaurantsDelivery': 'True', 'Alcohol': ""'full_bar'""}","American (Traditional), Italian, Nightlife, Bars, Restaurants","{'Monday': '0:0-0:0', 'Tuesday': '17:30-21:0', 'Wednesday': '17:30-21:0', 'Thursday': '17:30-21:0', 'Friday': '17:30-21:0', 'Saturday': '17:30-21:0', 'Sunday': '16:0-22:0'}",Restaurants
gDQxNJCOsHbRTdSWu1w2mA,Kildare's,509 S 2nd Street,Philadelphia,PA,19147,39.941893,-75.1455042,3.5,9,0,"{'RestaurantsPriceRange2': '2', 'RestaurantsAttire': ""'casual'"", 'BusinessParking': ""{'garage': False, 'street': True, 'validated': False, 'lot': False, 'valet': False}"", 'OutdoorSeating': 'True', 'RestaurantsGoodForGroups': 'True', 'RestaurantsTakeOut': 'True', 'RestaurantsReservations': 'False', 'Alcohol': ""'full_bar'"", 'GoodForKids': 'False', 'RestaurantsDelivery': 'False', 'BusinessAcceptsCreditCards': 'True'}","Irish, Restaurants, Pubs, Bars, Nightlife",,Restaurants
-nIXhxPvxST6bTuj9jo1UQ,DaMò Pasta Lab,105 S 12th St,Philadelphia,PA,19107,39.9502973,-75.1601048,4.5,177,1,"{'HappyHour': 'False', 'OutdoorSeating': 'False', 'Corkage': 'False', 'BYOB': 'True', 'WiFi': ""u'free'"", 'RestaurantsTableService': 'False', 'GoodForMeal': ""{'dessert': False, 'latenight': False, 'lunch': False, 'dinner': False, 'brunch': False, 'breakfast': False}"", 'BikeParking': 'True', 'DogsAllowed': 'False', 'RestaurantsDelivery': 'True', 'RestaurantsReservations': 'False', 'RestaurantsPriceRange2': '2', 'HasTV': 'True', 'Alcohol': ""u'none'"", 'BusinessAcceptsCreditCards': 'True', 'WheelchairAccessible': 'True', 'Ambience': ""{'touristy': False, 'hipster': False, 'romantic': False, 'divey': False, 'intimate': False, 'trendy': False, 'upscale': False, 'classy': False, 'casual': False}"", 'BusinessParking': ""{'garage': True, 'street': True, 'validated': False, 'lot': False, 'valet': False}"", 'Caters': 'True', 'RestaurantsTakeOut': 'True'}","Italian, Pasta Shops, Restaurants, Food, Specialty Food","{'Monday': '0:0-0:0', 'Tuesday': '10:30-21:0', 'Wednesday': '10:30-21:0', 'Thursday': '10:30-21:0', 'Friday': '10:30-21:0', 'Saturday': '10:30-21:0', 'Sunday': '10:30-21:0'}",Restaurants
_61CLj2WP5jA6X3SDDlrrg,Tang's Halal Chinese Restaurant,2223 Ridge Ave,Philadelphia,PA,19121,39.9802551,-75.1717646,4.5,31,1,"{'GoodForMeal': ""{'dessert': False, 'latenight': False, 'lunch': False, 'dinner': False, 'brunch': False, 'breakfast': False}"", 'HasTV': 'True', 'Ambience': ""{'touristy': None, 'hipster': None, 'romantic': False, 'divey': None, 'intimate': None, 'trendy': None, 'upscale': None, 'classy': None, 'casual': None}"", 'RestaurantsDelivery': 'None', 'RestaurantsTakeOut': 'None'}","Halal, Chinese, Restaurants",,Restaurants
QvjY9esYNRMe_5kvT6TC5g,Chaat and Chai,1532 Snyder Ave,Philadelphia,PA,19145,39.9245858,-75.1726715,4.0,50,0,"{'RestaurantsTakeOut': 'True', 'RestaurantsPriceRange2': '2', 'Caters': 'False', 'BusinessAcceptsCreditCards': 'True', 'RestaurantsTableService': 'True', 'Ambience': ""{'romantic': False, 'intimate': False, 'classy': False, 'hipster': False, 'divey': False, 'touristy': False, 'trendy': False, 'upscale': False, 'casual': True}"", 'BusinessParking': ""{'garage': False, 'street': True, 'validated': False, 'lot': False, 'valet': False}"", 'RestaurantsGoodForGroups': 'True', 'WiFi': ""u'no'"", 'RestaurantsDelivery': 'True', 'GoodForKids': 'True', 'BikeParking': 'True', 'GoodForMeal': ""{'dessert': False, 'latenight': False, 'lunch': True, 'dinner': True, 'brunch': False, 'breakfast': False}"", 'OutdoorSeating': 'False', 'HasTV': 'False', 'RestaurantsAttire': ""u'casual'"", 'RestaurantsReservations': 'False', 'NoiseLevel': ""u'quiet'"", 'Alcohol': ""u'none'""}","Pakistani, Indian, Restaurants","{'Monday': '0:0-0:0', 'Tuesday': '17:0-21:0', 'Wednesday': '17:0-21:0', 'Thursday': '17:0-21:0', 'Friday': '17:0-21:30'}",Restaurants
lIgEQlXldrdW5uw_ceVsOg,Nina's Trattoria,910 S 9th St,Philadelphia,PA,19147,39.9386103,-75.1581065,3.5,180,0,"{'RestaurantsPriceRange2': '2', 'NoiseLevel': ""u'average'"", 'RestaurantsReservations': 'True', 'RestaurantsDelivery': 'True', 'GoodForKids': 'False', 'Alcohol': ""u'none'"", 'BikeParking': 'True', 'RestaurantsAttire': ""u'casual'"", 'OutdoorSeating': 'True', 'RestaurantsTakeOut': 'True', 'BusinessAcceptsCreditCards': 'False', 'Ambience': ""{'romantic': False, 'intimate': False, 'classy': False, 'hipster': False, 'divey': False, 'touristy': False, 'trendy': False, 'upscale': False, 'casual': True}"", 'WiFi': ""u'free'"", 'Caters': 'True', 'HasTV': 'False', 'BusinessParking': ""{'garage': False, 'street': True, 'validated': False, 'lot': False, 'valet': False}"", 'GoodForMeal': ""{'dessert': False, 'latenight': False, 'lunch': False, 'dinner': True, 'brunch': False, 'breakfast': False}"", 'RestaurantsGoodForGroups': 'True'}","Breakfast & Brunch, Pizza, Italian, Restaurants","{'Tuesday': '17:0-22:0', 'Wednesday': '17:0-22:0', 'Thursday': '17:0-22:0', 'Friday': '17:0-22:0', 'Saturday': '17:0-22:0', 'Sunday': '17:0-22:0'}",Restaurants
IjMs1n7UelI7ev_5IDl5kA,Pho Saigon,"1100 S Christopher Columbus Blvd, Unit 22",Philadelphia,PA,19147,39.932705,-75.14438,4.0,419,1,"{'OutdoorSeating': 'False', 'WiFi': ""u'no'"", 'HasTV': 'True', 'Ambience': ""{'romantic': False, 'intimate': False, 'touristy': False, 'hipster': False, 'divey': False, 'classy': False, 'trendy': False, 'upscale': False, 'casual': True}"", 'RestaurantsAttire': ""u'casual'"", 'BusinessParking': ""{'garage': False, 'street': False, 'validated': False, 'lot': True, 'valet': False}"", 'Alcohol': ""u'none'"", 'Caters': 'False', 'GoodForKids': 'True', 'BikeParking': 'True', 'BusinessAcceptsCreditCards': 'True', 'WheelchairAccessible': 'True', 'RestaurantsReservations': 'False', 'RestaurantsTakeOut': 'True', 'RestaurantsGoodForGroups': 'True', 'DogsAllowed': 'False', 'RestaurantsTableService': 'True', 'HappyHour': 'False', 'RestaurantsPriceRange2': '2', 'GoodForMeal': ""{'dessert': False, 'latenight': False, 'lunch': True, 'dinner': True, 'brunch': None, 'breakfast': False}"", 'RestaurantsDelivery': 'True', 'ByAppointmentOnly': 'False', 'NoiseLevel': ""u'average'""}","Coffee & Tea, Beauty & Spas, Cosmetics & Beauty Supply, Shopping, Arts & Crafts, Costumes, Restaurants, Vietnamese, Food","{'Monday': '9:0-21:0', 'Tuesday': '9:0-21:0', 'Wednesday': '9:0-21:0', 'Thursday': '9:0-21:0', 'Friday': '9:0-21:0', 'Saturday': '9:0-21:0', 'Sunday': '9:0-21:0'}",Restaurants
3ZynJ94VpIdDlaArmEp2Rg,More Than Just Ice Cream,1119 Locust St,Philadelphia,PA,19107,39.947791,-75.1603392,3.5,239,0,"{'RestaurantsGoodForGroups': 'True', 'RestaurantsPriceRange2': '2', 'BusinessParking': ""{'garage': False, 'street': True, 'validated': False, 'lot': False, 'valet': False}"", 'GoodForKids': 'True', 'RestaurantsAttire': ""u'casual'"", 'OutdoorSeating': 'True', 'BusinessAcceptsCreditCards': 'True', 'Alcohol': ""u'none'"", 'RestaurantsTakeOut': 'True', 'Ambience': ""{'romantic': False, 'intimate': False, 'touristy': False, 'hipster': False, 'divey': False, 'classy': False, 'trendy': False, 'upscale': False, 'casual': True}"", 'NoiseLevel': ""u'average'"", 'Caters': 'True', 'HasTV': 'False', 'BikeParking': 'True', 'GoodForMeal': ""{'dessert': True, 'latenight': False, 'lunch': False, 'dinner': False, 'brunch': False, 'breakfast': False}"", 'WiFi': ""u'free'"", 'RestaurantsReservations': 'True', 'ByAppointmentOnly': 'False', 'RestaurantsDelivery': 'True'}","Food, Sandwiches, Ice Cream & Frozen Yogurt, Comfort Food, Breakfast & Brunch, Diners, Restaurants, Desserts","{'Monday': '11:0-23:0', 'Tuesday': '11:0-23:0', 'Wednesday': '11:0-23:0', 'Thursday': '11:0-23:0', 'Friday': '11:0-23:0', 'Saturday': '11:0-23:0', 'Sunday': '11:0-23:0'}",Restaurants
MOy8qGtBOoJzRnHnv3Y3JQ,Ants Pants on 4th,526 S 4th St,Philadelphia,PA,19147,39.9419098,-75.1492366,4.5,75,0,"{'BusinessAcceptsCreditCards': 'False', 'HasTV': 'True', 'RestaurantsPriceRange2': '2', 'Ambience': ""{'touristy': False, 'hipster': False, 'romantic': False, 'divey': False, 'intimate': False, 'trendy': False, 'upscale': False, 'classy': True, 'casual': False}"", 'GoodForMeal': ""{'dessert': False, 'latenight': False, 'lunch': True, 'dinner': False, 'brunch': False, 'breakfast': False}"", 'HappyHour': 'False', 'WiFi': ""u'free'"", 'RestaurantsTakeOut': 'True', 'GoodForKids': 'True', 'RestaurantsReservations': 'False', 'RestaurantsDelivery': 'True', 'BusinessParking': ""{'garage': False, 'street': True, 'validated': False, 'lot': False, 'valet': False}"", 'RestaurantsGoodForGroups': 'False', 'OutdoorSeating': 'True', 'RestaurantsAttire': ""u'casual'""}","Coffee & Tea, Restaurants, Breakfast & Brunch, Food","{'Monday': '8:0-16:0', 'Tuesday': '8:0-16:0', 'Wednesday': '8:0-16:0', 'Thursday': '8:0-16:0', 'Friday': '8:0-16:0', 'Saturday': '8:0-16:0', 'Sunday': '8:0-16:0'}",Restaurants
MGNAYydr7SxPMDgFlnZ7sg,Little Caesars Pizza,200 W Oregon Ave,Philadelphia,PA,19148,39.9139475,-75.1520299,3.0,10,1,"{'BikeParking': 'False', 'RestaurantsTableService': 'False', 'Caters': 'False', 'Alcohol': ""'none'"", 'RestaurantsAttire': ""'casual'"", 'RestaurantsDelivery': 'True', 'OutdoorSeating': 'False', 'GoodForMeal': ""{'dessert': False, 'latenight': False, 'lunch': False, 'dinner': False, 'brunch': False, 'breakfast': False}"", 'RestaurantsPriceRange2': '1', 'RestaurantsReservations': 'False', 'NoiseLevel': ""'average'"", 'Ambience': ""{'romantic': False, 'intimate': False, 'classy': False, 'hipster': False, 'divey': False, 'touristy': False, 'trendy': False, 'upscale': False, 'casual': False}"", 'RestaurantsGoodForGroups': 'False', 'WiFi': ""'no'"", 'HasTV': 'True', 'BusinessParking': ""{'garage': False, 'street': False, 'validated': False, 'lot': False, 'valet': False}"", 'GoodForKids': 'True', 'BusinessAcceptsCreditCards': 'True', 'RestaurantsTakeOut': 'True'}","Restaurants, Pizza",,Restaurants
9JSv_XGIjTt_uwE6fVctMQ,Marathon,1338 Chestnut St,Philadelphia,PA,19107,39.9504196,-75.1635566,2.5,61,0,"{'BusinessAcceptsCreditCards': 'True', 'Caters': 'True', 'RestaurantsGoodForGroups': 'True', 'GoodForKids': 'True', 'RestaurantsPriceRange2': '2', 'Alcohol': ""u'full_bar'"", 'RestaurantsAttire': ""'casual'"", 'RestaurantsDelivery': 'True', 'OutdoorSeating': 'True', 'RestaurantsTakeOut': 'True', 'BusinessParking': ""{'garage': True, 'street': True, 'validated': False, 'lot': False, 'valet': False}"", 'HasTV': 'False', 'Ambience': ""{'romantic': False, 'intimate': False, 'touristy': False, 'hipster': False, 'divey': False, 'classy': False, 'trendy': False, 'upscale': False, 'casual': False}"", 'RestaurantsReservations': 'True', 'NoiseLevel': ""u'average'"", 'HappyHour': 'True'}","Restaurants, American (New)","{'Monday': '7:0-21:0', 'Tuesday': '7:0-21:0', 'Wednesday': '7:0-21:0', 'Thursday': '7:0-21:0', 'Friday': '7:0-22:0', 'Saturday': '8:0-22:0'}",Restaurants
ekxvAyD2T5v3GS7n4X_3dQ,Jay's Deli,1228 Spruce St,Philadelphia,PA,19107,39.9465533063,-75.1624734497,4.0,70,1,"{'RestaurantsPriceRange2': '1', 'BusinessParking': ""{'garage': False, 'street': True, 'validated': False, 'lot': False, 'valet': False}"", 'GoodForKids': 'True', 'BusinessAcceptsCreditCards': 'True', 'RestaurantsAttire': ""u'casual'"", 'RestaurantsGoodForGroups': 'True', 'Caters': 'False', 'RestaurantsReservations': 'False', 'Ambience': ""{'romantic': False, 'intimate': False, 'classy': False, 'hipster': False, 'divey': False, 'touristy': False, 'trendy': False, 'upscale': False, 'casual': False}"", 'RestaurantsTakeOut': 'True', 'OutdoorSeating': 'False', 'Alcohol': ""u'none'"", 'WiFi': ""u'no'"", 'HasTV': 'True', 'NoiseLevel': ""u'quiet'"", 'BikeParking': 'True', 'RestaurantsDelivery': 'True'}","Food, Restaurants, Grocery, Sandwiches, Delis","{'Monday': '7:0-0:0', 'Tuesday': '7:0-0:0', 'Wednesday': '7:0-0:0', 'Thursday': '7:0-0:0', 'Friday': '7:0-2:0', 'Saturday': '7:0-2:0', 'Sunday': '9:0-21:0'}",Restaurants
6_J_rXp9R1qhwSS0ZBn5GQ,Ramayana Store,1543 S 7th St,Philadelphia,PA,19147,39.929123,-75.156563,4.0,8,1,"{'RestaurantsPriceRange2': '2', 'BusinessParking': ""{'garage': False, 'street': True, 'validated': False, 'lot': False, 'valet': False}"", 'BusinessAcceptsCreditCards': 'True', 'RestaurantsDelivery': 'True'}","Indonesian, Ethnic Food, International Grocery, Grocery, Restaurants, Food, Specialty Food","{'Monday': '10:30-20:30', 'Tuesday': '10:30-20:30', 'Wednesday': '10:30-20:30', 'Thursday': '10:30-20:30', 'Friday': '10:30-20:30', 'Saturday': '10:30-20:30', 'Sunday': '10:30-20:30'}",Restaurants
0ak-7uV9Nb7nF_l-mMCysA,Oishii Poké,938 Arch St,Philadelphia,PA,19107,39.9532717,-75.1562016,4.0,228,1,"{'Alcohol': ""'none'"", 'HasTV': 'False', 'Caters': 'True', 'GoodForMeal': ""{'dessert': False, 'latenight': False, 'lunch': True, 'dinner': False, 'brunch': False, 'breakfast': False}"", 'BusinessParking': ""{'garage': True, 'street': True, 'validated': False, 'lot': False, 'valet': False}"", 'NoiseLevel': ""'average'"", 'Ambience': ""{'touristy': False, 'hipster': False, 'romantic': False, 'divey': False, 'intimate': False, 'trendy': False, 'upscale': False, 'classy': False, 'casual': True}"", 'WiFi': ""'free'"", 'BusinessAcceptsCreditCards': 'True', 'RestaurantsDelivery': 'True', 'RestaurantsReservations': 'False', 'RestaurantsTakeOut': 'True', 'RestaurantsTableService': 'False', 'BikeParking': 'True', 'GoodForKids': 'True', 'RestaurantsGoodForGroups': 'True', 'RestaurantsPriceRange2': '1', 'RestaurantsAttire': ""'casual'"", 'DogsAllowed': 'False', 'OutdoorSeating': 'False', 'WheelchairAccessible': 'True', 'BusinessAcceptsBitcoin': 'False'}","Restaurants, Mexican, Food, Hawaiian, Poke, Japanese","{'Monday': '11:0-21:0', 'Tuesday': '11:0-21:0', 'Wednesday': '11:0-21:0', 'Thursday': '11:0-21:0', 'Friday': '11:0-21:0', 'Saturday': '11:0-21:0', 'Sunday': '11:0-21:0'}",Restaurants
xAW4nw9DrW77vWF61_l-Qg,Famous 4th Street Delicatessen,38 S 19th St,Philadelphia,PA,19103,39.952362,-75.172065,4.0,166,0,"{'RestaurantsPriceRange2': '2', 'WiFi': ""u'no'"", 'NoiseLevel': ""u'average'"", 'Alcohol': ""u'none'"", 'GoodForKids': 'True', 'RestaurantsTakeOut': 'True', 'OutdoorSeating': 'False', 'BusinessAcceptsCreditCards': 'True', 'HasTV': 'False', 'RestaurantsReservations': 'False', 'RestaurantsGoodForGroups': 'True', 'RestaurantsAttire': ""u'casual'"", 'Ambience': ""{'romantic': False, 'intimate': False, 'touristy': False, 'hipster': False, 'divey': False, 'classy': False, 'trendy': False, 'upscale': False, 'casual': True}"", 'BikeParking': 'True', 'BusinessParking': ""{'garage': False, 'street': True, 'validated': False, 'lot': False, 'valet': False}"", 'RestaurantsDelivery': 'False', 'Caters': 'True'}","Sandwiches, Delis, Restaurants","{'Monday': '11:0-21:0', 'Tuesday': '11:0-21:0', 'Wednesday': '11:0-21:0', 'Thursday': '11:0-21:0', 'Friday': '11:0-21:0', 'Saturday': '9:0-21:0', 'Sunday': '9:0-21:0'}",Restaurants
vF9PBhB_5SrQHbCXtyYijA,Hibachi Shokudo,1301 Vine St,Philadelphia,PA,19107,39.9579312,-75.1603414,4.5,5,1,"{'BYOB': 'True', 'Alcohol': ""u'none'"", 'BusinessAcceptsCreditCards': 'True', 'OutdoorSeating': 'False', 'RestaurantsTakeOut': 'True', 'Caters': 'True', 'RestaurantsDelivery': 'True', 'Corkage': 'False', 'RestaurantsTableService': 'True'}","Japanese, Ramen, Restaurants","{'Monday': '0:0-0:0', 'Tuesday': '11:30-21:0', 'Wednesday': '11:30-21:0', 'Thursday': '11:30-21:0', 'Friday': '11:30-22:0', 'Saturday': '11:30-22:0', 'Sunday': '11:30-21:0'}",Restaurants
ZvOZCvLeAKGFzwnyu1aeKw,Serrano,20 S 2nd St,Philadelphia,PA,19106,39.9494184,-75.1439592,2.5,74,0,"{'RestaurantsDelivery': 'False', 'RestaurantsReservations': 'True', 'HasTV': 'False', 'GoodForKids': 'False', 'OutdoorSeating': 'False', 'Alcohol': ""'full_bar'"", 'BikeParking': 'True', 'RestaurantsGoodForGroups': 'True', 'RestaurantsPriceRange2': '2', 'NoiseLevel': ""u'very_loud'"", 'RestaurantsTakeOut': 'True', 'WiFi': ""u'free'"", 'Caters': 'False', 'Ambience': ""{'romantic': False, 'intimate': False, 'classy': False, 'hipster': False, 'divey': False, 'touristy': False, 'trendy': False, 'upscale': False, 'casual': True}"", 'BusinessAcceptsCreditCards': 'True', 'RestaurantsAttire': ""'casual'"", 'BusinessParking': ""{'garage': True, 'street': True, 'validated': False, 'lot': False, 'valet': False}""}","Restaurants, American (Traditional)","{'Tuesday': '16:0-22:30', 'Wednesday': '15:30-22:30', 'Thursday': '15:30-22:30', 'Friday': '15:30-23:30', 'Saturday': '15:30-23:30', 'Sunday': '15:30-22:0'}",Restaurants
Mwc3n5Psw9wRaQ22vZWDYQ,Bar Hygge,1720 Fairmount Ave,Philadelphia,PA,19130,39.9671254924,-75.1661240918,4.5,387,1,"{'DogsAllowed': 'False', 'WheelchairAccessible': 'True', 'HasTV': 'False', 'BYOB': 'False', 'RestaurantsTableService': 'True', 'BusinessAcceptsCreditCards': 'True', 'RestaurantsTakeOut': 'True', 'BusinessParking': ""{'garage': False, 'street': True, 'validated': False, 'lot': False, 'valet': False}"", 'BikeParking': 'True', 'RestaurantsReservations': 'True', 'RestaurantsDelivery': 'True', 'BusinessAcceptsBitcoin': 'False', 'Caters': 'False', 'RestaurantsGoodForGroups': 'True', 'RestaurantsPriceRange2': '2', 'WiFi': ""u'free'"", 'OutdoorSeating': 'True', 'Ambience': ""{'touristy': False, 'hipster': False, 'romantic': False, 'divey': False, 'intimate': False, 'trendy': True, 'upscale': False, 'classy': True, 'casual': True}"", 'RestaurantsAttire': ""u'casual'"", 'HappyHour': 'True', 'GoodForMeal': ""{'dessert': False, 'latenight': False, 'lunch': False, 'dinner': True, 'brunch': True, 'breakfast': False}"", 'NoiseLevel': ""u'average'"", 'GoodForKids': 'True', 'ByAppointmentOnly': 'False', 'Alcohol': ""u'full_bar'""}","Food, Restaurants, Breweries, Comfort Food, Brewpubs, Breakfast & Brunch, Gastropubs","{'Monday': '0:0-0:0', 'Tuesday': '16:0-22:0', 'Wednesday': '16:0-22:0', 'Thursday': '16:0-22:0', 'Friday': '16:0-22:0', 'Saturday': '16:0-22:0', 'Sunday': '16:0-22:0'}",Restaurants
OiE-MRsu_E5O54crdNGZ1g,Voltage Lounge,421 N 7th St,Philadelphia,PA,19123,39.9592901344,-75.1500912772,3.0,44,1,"{'RestaurantsGoodForGroups': 'True', 'HasTV': 'True', 'BikeParking': 'True', 'GoodForKids': 'False', 'Caters': 'False', 'NoiseLevel': ""'loud'"", 'BusinessAcceptsCreditCards': 'True', 'BusinessParking': ""{'garage': False, 'street': True, 'validated': False, 'lot': True, 'valet': False}"", 'Alcohol': ""u'full_bar'"", 'WiFi': ""u'free'"", 'RestaurantsDelivery': 'True', 'RestaurantsReservations': 'True', 'RestaurantsTakeOut': 'True', 'RestaurantsPriceRange2': '1', 'Ambience': ""{'touristy': False, 'hipster': None, 'romantic': False, 'divey': True, 'intimate': False, 'trendy': False, 'upscale': False, 'classy': False, 'casual': None}"", 'BestNights': ""{'monday': True, 'tuesday': False, 'friday': False, 'wednesday': False, 'thursday': False, 'sunday': False, 'saturday': False}"", 'OutdoorSeating': 'True', 'Music': ""{'dj': False, 'background_music': False, 'no_music': False, 'jukebox': False, 'live': True, 'video': False, 'karaoke': False}""}","Arts & Entertainment, American (New), Event Planning & Services, Venues & Event Spaces, Restaurants, Nightlife, Lounges, Comedy Clubs, Hookah Bars, Arcades, Music Venues, Bars",,Restaurants
JrDLf5e-awIC0suNlK39Zw,Locust Rendezvous,1415 Locust St,Philadelphia,PA,19102,39.9484648948,-75.1658053,4.0,230,1,"{'GoodForKids': 'False', 'BYOBCorkage': ""'yes_free'"", 'NoiseLevel': ""u'average'"", 'HasTV': 'True', 'RestaurantsTakeOut': 'True', 'RestaurantsDelivery': 'False', 'RestaurantsGoodForGroups': 'True', 'Corkage': 'False', 'Caters': 'False', 'RestaurantsAttire': ""'casual'"", 'WiFi': ""u'free'"", 'RestaurantsReservations': 'True', 'BusinessParking': ""{'garage': False, 'street': True, 'validated': False, 'lot': False, 'valet': False}"", 'BikeParking': 'True', 'BusinessAcceptsCreditCards': 'True', 'Alcohol': ""'full_bar'"", 'RestaurantsPriceRange2': '1', 'BusinessAcceptsBitcoin': 'False', 'DogsAllowed': 'False', 'BestNights': ""{'monday': False, 'tuesday': False, 'friday': True, 'wednesday': True, 'thursday': True, 'sunday': False, 'saturday': False}"", 'RestaurantsTableService': 'True', 'Smoking': ""u'no'"", 'GoodForMeal': ""{'dessert': False, 'latenight': True, 'lunch': None, 'dinner': None, 'brunch': None, 'breakfast': False}"", 'OutdoorSeating': 'True', 'GoodForDancing': 'False', 'Music': ""{'dj': False, 'background_music': False, 'no_music': False, 'jukebox': True, 'live': False, 'video': False, 'karaoke': False}"", 'Ambience': ""{u'divey': True, u'hipster': False, u'casual': True, u'touristy': False, u'trendy': False, u'intimate': False, u'romantic': False, u'classy': False, u'upscale': False}""}","Bars, Beer Bar, Restaurants, Salad, Dive Bars, Nightlife","{'Monday': '0:0-0:0', 'Tuesday': '11:0-1:0', 'Wednesday': '11:0-2:0', 'Thursday': '11:0-2:0', 'Friday': '11:0-2:0', 'Saturday': '11:0-2:0', 'Sunday': '11:0-1:0'}",Restaurants
sy7ADvpBA7SfHwbY-Y_5gw,Valanni,1229 Spruce St,Philadelphia,PA,19107,39.9467941,-75.1622221,4.0,875,0,"{'BikeParking': 'False', 'GoodForKids': 'False', 'RestaurantsPriceRange2': '2', 'OutdoorSeating': 'True', 'BusinessParking': ""{'garage': False, 'street': True, 'validated': False, 'lot': False, 'valet': False}"", 'WiFi': ""u'free'"", 'RestaurantsDelivery': 'True', 'RestaurantsReservations': 'True', 'RestaurantsAttire': ""'casual'"", 'BusinessAcceptsCreditCards': 'True', 'BYOBCorkage': ""'no'"", 'Caters': 'True', 'RestaurantsGoodForGroups': 'True', 'HasTV': 'True', 'Alcohol': ""'full_bar'"", 'NoiseLevel': ""u'average'"", 'GoodForDancing': 'False', 'BestNights': ""{'monday': False, 'tuesday': False, 'friday': True, 'wednesday': True, 'thursday': False, 'sunday': False, 'saturday': True}"", 'GoodForMeal': ""{'dessert': False, 'latenight': False, 'lunch': False, 'dinner': True, 'brunch': False, 'breakfast': False}"", 'DogsAllowed': 'False', 'RestaurantsTakeOut': 'True', 'Ambience': ""{'touristy': False, 'hipster': False, 'romantic': False, 'divey': False, 'intimate': False, 'trendy': True, 'upscale': False, 'classy': True, 'casual': False}"", 'Music': ""{'dj': None, 'background_music': False, 'no_music': False, 'jukebox': False, 'live': False, 'video': False, 'karaoke': False}""}","American (New), Nightlife, Greek, Cocktail Bars, Bars, Mediterranean, Restaurants, Pizza, Tapas Bars, Latin American, Tapas/Small Plates, Lounges","{'Monday': '16:30-0:0', 'Tuesday': '16:30-0:0', 'Wednesday': '16:30-0:0', 'Thursday': '16:30-0:0', 'Friday': '16:30-2:0', 'Saturday': '16:30-2:0', 'Sunday': '10:0-0:0'}",Restaurants
onufA0MixmTq5_VR_Zrx8Q,Hummus Grill,212 S 11th St,Philadelphia,PA,19107,39.9481641,-75.1592112,4.0,77,0,"{'Ambience': ""{'romantic': False, 'intimate': False, 'touristy': False, 'hipster': False, 'divey': False, 'classy': False, 'trendy': False, 'upscale': False, 'casual': True}"", 'BikeParking': 'True', 'RestaurantsPriceRange2': '1', 'BusinessAcceptsCreditCards': 'True', 'RestaurantsAttire': ""u'casual'"", 'WiFi': ""u'free'"", 'Alcohol': ""u'none'"", 'Caters': 'True', 'RestaurantsDelivery': 'True', 'RestaurantsTakeOut': 'True', 'RestaurantsReservations': 'False', 'HasTV': 'True', 'GoodForKids': 'True', 'BusinessParking': ""{'garage': False, 'street': True, 'validated': False, 'lot': False, 'valet': False}"", 'NoiseLevel': ""u'average'"", 'OutdoorSeating': 'False', 'RestaurantsGoodForGroups': 'True'}","Restaurants, Mediterranean, Food, Middle Eastern",,Restaurants
xhAzk9qYpHR-nu_0sZIcWg,The Halal Guys,1016 Race St,Philadelphia,PA,19107,39.955365,-75.156627,3.5,198,1,"{'BusinessAcceptsCreditCards': 'True', 'WheelchairAccessible': 'True', 'RestaurantsTakeOut': 'True', 'RestaurantsDelivery': 'True', 'Caters': 'False', 'BusinessParking': ""{'garage': False, 'street': True, 'validated': False, 'lot': False, 'valet': False}"", 'DogsAllowed': 'False', 'NoiseLevel': ""u'average'"", 'GoodForKids': 'True', 'RestaurantsAttire': ""u'casual'"", 'WiFi': ""u'no'"", 'Alcohol': ""u'none'"", 'BusinessAcceptsBitcoin': 'False', 'Ambience': ""{'touristy': False, 'hipster': False, 'romantic': False, 'divey': False, 'intimate': False, 'trendy': False, 'upscale': False, 'classy': False, 'casual': True}"", 'HasTV': 'False', 'RestaurantsTableService': 'False', 'OutdoorSeating': 'False', 'HappyHour': 'False', 'RestaurantsGoodForGroups': 'True', 'RestaurantsPriceRange2': '1', 'RestaurantsReservations': 'False', 'GoodForMeal': ""{'dessert': None, 'latenight': True, 'lunch': True, 'dinner': True, 'brunch': False, 'breakfast': False}"", 'BikeParking': 'True'}","Restaurants, Halal, Middle Eastern","{'Monday': '17:0-22:0', 'Tuesday': '17:0-22:0', 'Wednesday': '17:0-22:0', 'Thursday': '17:0-22:0', 'Friday': '17:0-0:0', 'Saturday': '0:0-2:0', 'Sunday': '12:0-22:0'}",Restaurants
o7pgTVJqX2PYWbotk1uMug,Madame Saito - Queen of Sushi,122 Lombard St,Philadelphia,PA,19147,39.9419236,-75.1447558,4.5,6,1,"{'BusinessAcceptsCreditCards': 'True', 'WiFi': ""u'no'"", 'RestaurantsTakeOut': 'True', 'RestaurantsDelivery': 'True'}","Japanese, Arts & Crafts, Caterers, Restaurants, Shopping, Event Planning & Services, Cooking Classes","{'Thursday': '16:0-23:0', 'Friday': '16:0-23:0', 'Saturday': '16:0-23:0', 'Sunday': '16:0-23:0'}",Restaurants
Gr6nYrQ_-3p4LcE4M84lTw,Dave & Buster's,325 N Christopher Columbus Blvd,Philadelphia,PA,19106,39.9570239499,-75.1374835117,2.5,515,1,"{'RestaurantsPriceRange2': '2', 'NoiseLevel': ""u'very_loud'"", 'BYOBCorkage': ""'yes_free'"", 'GoodForKids': 'True', 'OutdoorSeating': 'False', 'RestaurantsGoodForGroups': 'True', 'Corkage': 'False', 'RestaurantsReservations': 'True', 'WiFi': ""u'free'"", 'BusinessAcceptsCreditCards': 'True', 'Caters': 'False', 'BikeParking': 'True', 'RestaurantsAttire': ""'casual'"", 'Ambience': ""{'romantic': False, 'intimate': False, 'touristy': False, 'hipster': False, 'divey': False, 'classy': False, 'trendy': False, 'upscale': False, 'casual': True}"", 'HasTV': 'True', 'HappyHour': 'True', 'Alcohol': ""'full_bar'"", 'Music': ""{'dj': False, 'background_music': False, 'no_music': False, 'jukebox': False, 'live': False, 'video': False, 'karaoke': False}"", 'RestaurantsTableService': 'True', 'RestaurantsTakeOut': 'False', 'GoodForDancing': 'False', 'GoodForMeal': ""{'dessert': False, 'latenight': True, 'lunch': False, 'dinner': True, 'brunch': False, 'breakfast': False}"", 'DogsAllowed': 'False', 'BestNights': ""{'monday': False, 'tuesday': False, 'friday': True, 'wednesday': False, 'thursday': True, 'sunday': False, 'saturday': True}"", 'RestaurantsDelivery': 'True', 'BusinessParking': ""{'garage': True, 'street': True, 'validated': False, 'lot': True, 'valet': False}""}","Nightlife, Restaurants, Eatertainment, Bars, American (Traditional), Arts & Entertainment, Sports Bars, Arcades","{'Monday': '0:0-0:0', 'Tuesday': '12:0-22:0', 'Wednesday': '10:0-23:59', 'Thursday': '12:0-21:0', 'Friday': '12:0-21:0', 'Saturday': '10:0-2:0', 'Sunday': '10:0-23:59'}",Restaurants
qcguEeAMP0XwFLYqhwX2hg,Sweet Freedom Bakery,1424 South St,Philadelphia,PA,19146,39.94362,-75.1664573,3.5,316,0,"{'GoodForKids': 'True', 'WiFi': ""u'free'"", 'BikeParking': 'True', 'BusinessAcceptsCreditCards': 'True', 'Caters': 'False', 'BusinessParking': ""{'garage': False, 'street': True, 'validated': False, 'lot': False, 'valet': False}"", 'RestaurantsDelivery': 'True', 'NoiseLevel': ""u'quiet'"", 'OutdoorSeating': 'False', 'RestaurantsGoodForGroups': 'False', 'RestaurantsReservations': 'False', 'RestaurantsPriceRange2': '1', 'RestaurantsAttire': ""u'casual'"", 'Alcohol': ""u'none'"", 'GoodForMeal': ""{'dessert': True, 'latenight': False, 'lunch': False, 'dinner': False, 'brunch': False, 'breakfast': False}"", 'HasTV': 'True', 'RestaurantsTakeOut': 'True', 'Ambience': ""{'touristy': False, 'hipster': False, 'romantic': False, 'divey': False, 'intimate': False, 'trendy': False, 'upscale': False, 'classy': True, 'casual': True}""}","Gluten-Free, Food, Bakeries, Restaurants, Vegan","{'Tuesday': '10:0-19:0', 'Wednesday': '10:0-19:0', 'Thursday': '10:0-19:0', 'Friday': '10:0-19:0', 'Saturday': '10:0-19:0', 'Sunday': '10:0-16:0'}",Restaurants
oHiaVt8SG3EgVyyJlzhlwg,O'Neals Pub,611 S 3rd St,Philadelphia,PA,19147,39.941026,-75.147402,4.0,134,1,"{'RestaurantsTakeOut': 'True', 'WiFi': ""u'free'"", 'Caters': 'True', 'HasTV': 'True', 'BikeParking': 'True', 'BusinessAcceptsCreditCards': 'True', 'GoodForKids': 'False', 'RestaurantsReservations': 'False', 'OutdoorSeating': 'True', 'RestaurantsGoodForGroups': 'True', 'Alcohol': ""u'full_bar'"", 'RestaurantsPriceRange2': '1', 'RestaurantsAttire': ""u'casual'"", 'BusinessParking': ""{'garage': True, 'street': True, 'validated': False, 'lot': False, 'valet': False}"", 'NoiseLevel': ""u'average'"", 'Ambience': ""{'touristy': False, 'hipster': False, 'romantic': False, 'divey': None, 'intimate': False, 'trendy': False, 'upscale': False, 'classy': False, 'casual': True}"", 'GoodForMeal': ""{'dessert': False, 'latenight': True, 'lunch': None, 'dinner': None, 'brunch': None, 'breakfast': False}"", 'BestNights': ""{'monday': False, 'tuesday': True, 'friday': True, 'wednesday': False, 'thursday': False, 'sunday': False, 'saturday': True}"", 'Music': ""{'dj': False, 'background_music': False, 'no_music': False, 'jukebox': None, 'live': False, 'video': False, 'karaoke': None}"", 'RestaurantsDelivery': 'True'}","Sports Bars, Bars, Nightlife, Irish, Food, Restaurants, Beer, Wine & Spirits, Pubs","{'Monday': '11:0-22:0', 'Tuesday': '11:0-22:0', 'Wednesday': '11:0-22:0', 'Thursday': '11:0-22:0', 'Friday': '11:0-22:0', 'Saturday': '11:0-22:0', 'Sunday': '11:0-22:0'}",Restaurants
hid9ixP7Rtoj2pR4EBrcGg,Irie Jamaican Restaurant,2629 W Girard Ave,Philadelphia,PA,19130,39.974236,-75.179942,4.5,51,1,"{'RestaurantsAttire': ""'casual'"", 'RestaurantsTakeOut': 'True', 'HasTV': 'True', 'Ambience': ""{'touristy': False, 'hipster': False, 'romantic': False, 'divey': False, 'intimate': False, 'trendy': False, 'upscale': False, 'classy': False, 'casual': False}"", 'GoodForMeal': ""{'dessert': False, 'latenight': False, 'lunch': False, 'dinner': False, 'brunch': False, 'breakfast': False}"", 'RestaurantsReservations': 'False', 'RestaurantsPriceRange2': '1', 'RestaurantsGoodForGroups': 'True', 'BusinessAcceptsCreditCards': 'True', 'RestaurantsDelivery': 'None', 'BusinessParking': ""{'garage': False, 'street': True, 'validated': False, 'lot': False, 'valet': False}"", 'GoodForKids': 'True'}","Restaurants, Caribbean, Comfort Food, Soul Food","{'Monday': '11:0-20:0', 'Tuesday': '11:0-20:0', 'Wednesday': '11:0-20:0', 'Thursday': '11:0-20:0', 'Friday': '11:0-20:0', 'Sunday': '11:0-18:0'}",Restaurants
SYWEMv9i_Pmc9AIfxHWl4Q,Pastoral Korean Restaurant,205 S 13th St,Philadelphia,PA,19107,39.9485389,-75.1620259,3.5,40,0,"{'RestaurantsReservations': 'True', 'BusinessParking': ""{'garage': False, 'street': True, 'validated': False, 'lot': False, 'valet': False}"", 'RestaurantsGoodForGroups': 'True', 'RestaurantsTakeOut': 'True', 'Alcohol': ""'beer_and_wine'"", 'RestaurantsAttire': ""'casual'"", 'BusinessAcceptsCreditCards': 'True', 'WiFi': ""u'no'"", 'GoodForKids': 'True', 'RestaurantsPriceRange2': '2', 'OutdoorSeating': 'False'}","Restaurants, Korean, Professional Services","{'Monday': '11:30-22:0', 'Tuesday': '11:30-22:0', 'Wednesday': '11:30-22:0', 'Thursday': '11:30-22:0', 'Friday': '11:30-22:0', 'Saturday': '11:30-22:0'}",Restaurants
vpfy4_N1PozCkvk2WDE_RQ,The Abbaye,637 N 3rd St,Philadelphia,PA,19123,39.9622476511,-75.1430036973,4.0,306,1,"{'RestaurantsPriceRange2': '2', 'HasTV': 'True', 'Caters': 'False', 'BusinessParking': ""{'garage': False, 'street': True, 'validated': False, 'lot': False, 'valet': False}"", 'BikeParking': 'True', 'WiFi': ""'free'"", 'RestaurantsGoodForGroups': 'True', 'BusinessAcceptsCreditCards': 'True', 'RestaurantsAttire': ""u'casual'"", 'OutdoorSeating': 'True', 'Alcohol': ""'full_bar'"", 'NoiseLevel': ""u'average'"", 'GoodForMeal': ""{'dessert': False, 'latenight': False, 'lunch': False, 'dinner': True, 'brunch': True, 'breakfast': False}"", 'CoatCheck': 'False', 'GoodForKids': 'False', 'GoodForDancing': 'False', 'HappyHour': 'True', 'BestNights': ""{'monday': False, 'tuesday': False, 'friday': True, 'wednesday': False, 'thursday': True, 'sunday': False, 'saturday': True}"", 'Ambience': ""{'touristy': False, 'hipster': True, 'romantic': False, 'divey': None, 'intimate': False, 'trendy': False, 'upscale': False, 'classy': False, 'casual': True}"", 'Music': ""{'dj': False, 'background_music': False, 'no_music': False, 'jukebox': None, 'live': False, 'video': False, 'karaoke': False}"", 'RestaurantsTableService': 'True', 'RestaurantsTakeOut': 'True', 'RestaurantsDelivery': 'True', 'RestaurantsReservations': 'False'}","Restaurants, Bars, American (Traditional), Nightlife","{'Tuesday': '17:0-22:0', 'Wednesday': '17:0-22:0', 'Thursday': '17:0-22:0', 'Friday': '17:0-23:0', 'Saturday': '11:0-23:0', 'Sunday': '11:0-21:0'}",Restaurants
eazV3X8nptiyZk_w-LHXLA,Miss Kathy's,1412 S 5th St,Philadelphia,PA,19147,39.9306716,-75.1533968,4.5,5,1,"{'RestaurantsTakeOut': 'True', 'OutdoorSeating': 'True', 'RestaurantsDelivery': 'True', 'RestaurantsTableService': 'True', 'BYOB': 'True', 'Corkage': 'False', 'WiFi': ""u'free'"", 'RestaurantsReservations': 'True', 'HasTV': 'False', 'Caters': 'True', 'WheelchairAccessible': 'True', 'BusinessAcceptsCreditCards': 'True', 'BikeParking': 'True'}","Restaurants, American (New), Mediterranean","{'Monday': '10:0-22:0', 'Tuesday': '10:0-22:0', 'Wednesday': '10:0-22:0', 'Thursday': '10:0-22:0', 'Friday': '10:0-22:0', 'Saturday': '9:0-22:0', 'Sunday': '9:0-22:0'}",Restaurants
iegiacdW0vbAuKjb7FYFfg,Chipotle Mexican Grill,"1200 Walnut St, Ste B",Philadelphia,PA,19107,39.9487103,-75.1606914844,3.0,127,1,"{'Ambience': ""{'romantic': False, 'intimate': False, 'touristy': False, 'hipster': False, 'divey': False, 'classy': False, 'trendy': False, 'upscale': False, 'casual': True}"", 'NoiseLevel': ""u'average'"", 'RestaurantsAttire': ""u'casual'"", 'RestaurantsPriceRange2': '1', 'BikeParking': 'True', 'RestaurantsReservations': 'False', 'BusinessParking': ""{'garage': False, 'street': True, 'validated': False, 'lot': False, 'valet': False}"", 'BusinessAcceptsCreditCards': 'True', 'WiFi': ""u'no'"", 'Caters': 'True', 'RestaurantsGoodForGroups': 'True', 'GoodForMeal': ""{'dessert': False, 'latenight': False, 'lunch': True, 'dinner': True, 'brunch': False, 'breakfast': False}"", 'GoodForKids': 'True', 'Alcohol': ""u'none'"", 'HasTV': 'True', 'RestaurantsDelivery': 'True', 'RestaurantsTakeOut': 'True', 'OutdoorSeating': 'True'}","Fast Food, Restaurants, Mexican","{'Monday': '0:0-0:0', 'Tuesday': '10:45-22:0', 'Wednesday': '10:45-22:0', 'Thursday': '10:45-22:0', 'Friday': '10:45-22:0', 'Saturday': '10:45-22:0', 'Sunday': '10:45-22:0'}",Restaurants
OjM_Q540jV0AHKCLOX7gHA,Panera Bread,48 N 12th St,Philadelphia,PA,19107,39.9537036,-75.1596916,3.0,139,1,"{'Caters': 'True', 'WiFi': ""u'free'"", 'RestaurantsTableService': 'False', 'Alcohol': ""u'none'"", 'RestaurantsTakeOut': 'True', 'OutdoorSeating': 'True', 'NoiseLevel': ""u'average'"", 'GoodForKids': 'True', 'RestaurantsAttire': ""'casual'"", 'RestaurantsReservations': 'False', 'RestaurantsPriceRange2': '2', 'BusinessAcceptsCreditCards': 'True', 'RestaurantsGoodForGroups': 'True', 'BikeParking': 'True', 'RestaurantsDelivery': 'True', 'HasTV': 'True', 'GoodForMeal': ""{'dessert': None, 'latenight': False, 'lunch': True, 'dinner': None, 'brunch': True, 'breakfast': True}"", 'Ambience': ""{u'divey': False, u'hipster': False, u'casual': True, u'touristy': None, u'trendy': False, u'intimate': False, u'romantic': False, u'classy': False, u'upscale': False}"", 'BusinessParking': ""{u'valet': False, u'garage': True, u'street': None, u'lot': False, u'validated': False}""}","Restaurants, Soup, Salad, Sandwiches","{'Monday': '7:0-19:0', 'Tuesday': '7:0-19:0', 'Wednesday': '7:0-19:0', 'Thursday': '7:0-19:0', 'Friday': '7:0-19:0', 'Saturday': '7:0-19:0', 'Sunday': '7:0-19:0'}",Restaurants
6h7C53qLfwM7v3zKRqG0yA,Iztaccihuatl,1122 S 8th St,Philadelphia,PA,19147,39.9352068,-75.1572477,4.0,132,1,"{'BikeParking': 'False', 'NoiseLevel': ""u'average'"", 'OutdoorSeating': 'False', 'Caters': 'True', 'HasTV': 'True', 'BusinessAcceptsBitcoin': 'False', 'GoodForKids': 'True', 'Alcohol': ""u'none'"", 'RestaurantsDelivery': 'True', 'RestaurantsAttire': ""u'casual'"", 'RestaurantsReservations': 'True', 'RestaurantsGoodForGroups': 'True', 'WiFi': ""u'free'"", 'BusinessAcceptsCreditCards': 'True', 'BusinessParking': ""{'garage': False, 'street': True, 'validated': False, 'lot': False, 'valet': False}"", 'RestaurantsPriceRange2': '1', 'RestaurantsTakeOut': 'True', 'HappyHour': 'True', 'Ambience': ""{u'divey': None, u'hipster': False, u'casual': True, u'touristy': False, u'trendy': False, u'intimate': False, u'romantic': False, u'classy': False, u'upscale': False}""}","Restaurants, Desserts, Specialty Food, Food, Latin American, Vegetarian, Mexican, Ethnic Food, Spanish, Seafood","{'Monday': '12:0-0:0', 'Tuesday': '12:0-0:0', 'Wednesday': '12:0-0:0', 'Thursday': '12:0-0:0', 'Friday': '12:0-1:0', 'Saturday': '12:0-1:0', 'Sunday': '12:0-0:0'}",Restaurants
8LonS_bxNmCDk3FWiG9lzA,Tomo Sushi & Ramen,228 Arch St,Philadelphia,PA,19106,39.951923,-75.144335,4.5,193,1,"{'Alcohol': ""u'none'"", 'RestaurantsTakeOut': 'True', 'GoodForMeal': ""{'dessert': None, 'latenight': None, 'lunch': None, 'dinner': True, 'brunch': None, 'breakfast': None}"", 'WiFi': ""u'no'"", 'Caters': 'False', 'RestaurantsReservations': 'True', 'GoodForKids': 'True', 'BusinessParking': ""{u'valet': False, u'garage': None, u'street': True, u'lot': False, u'validated': None}"", 'BikeParking': 'True', 'RestaurantsDelivery': 'True', 'BusinessAcceptsCreditCards': 'True', 'WheelchairAccessible': 'True', 'NoiseLevel': ""u'average'"", 'HasTV': 'True', 'Ambience': ""{u'divey': False, u'hipster': False, u'casual': True, u'touristy': False, u'trendy': True, u'intimate': None, u'romantic': True, u'classy': None, u'upscale': False}"", 'RestaurantsAttire': ""u'casual'"", 'RestaurantsPriceRange2': '2', 'RestaurantsTableService': 'True', 'Corkage': 'False', 'BYOB': 'True', 'RestaurantsGoodForGroups': 'False', 'OutdoorSeating': 'True'}","Japanese, Restaurants, Ramen, Sushi Bars","{'Monday': '0:0-0:0', 'Tuesday': '15:0-21:30', 'Wednesday': '15:0-21:30', 'Thursday': '15:0-21:30', 'Friday': '15:0-22:30', 'Saturday': '15:0-22:30', 'Sunday': '15:0-21:30'}",Restaurants
IW5nVwCmmhL6cENHTst2og,Caribbean Delight,1124 South St,Philadelphia,PA,19147,39.9429434,-75.1610111,4.0,74,1,"{'RestaurantsPriceRange2': '2', 'RestaurantsAttire': ""'casual'"", 'Alcohol': ""u'none'"", 'Caters': 'True', 'OutdoorSeating': 'False', 'RestaurantsReservations': 'True', 'BusinessAcceptsCreditCards': 'True', 'RestaurantsTakeOut': 'True', 'GoodForKids': 'True', 'HasTV': 'True', 'NoiseLevel': ""u'average'"", 'BusinessParking': ""{'garage': False, 'street': True, 'validated': False, 'lot': False, 'valet': False}"", 'RestaurantsDelivery': 'True', 'RestaurantsGoodForGroups': 'True', 'WiFi': ""u'free'"", 'BikeParking': 'True', 'Ambience': ""{'touristy': None, 'hipster': False, 'romantic': False, 'divey': None, 'intimate': False, 'trendy': False, 'upscale': False, 'classy': False, 'casual': True}"", 'GoodForMeal': ""{'dessert': False, 'latenight': False, 'lunch': True, 'dinner': True, 'brunch': False, 'breakfast': False}"", 'BusinessAcceptsBitcoin': 'False'}","Restaurants, Caribbean","{'Tuesday': '12:0-20:0', 'Wednesday': '12:0-20:0', 'Thursday': '12:0-20:0', 'Friday': '12:0-20:0', 'Saturday': '12:0-20:0', 'Sunday': '12:0-20:0'}",Restaurants
EUnnoesZTelOv_bT4GvZjg,Tony's Deli,17 S 21st St,Philadelphia,PA,19103,39.9529259,-75.1750013,4.0,35,0,"{'GoodForKids': 'True', 'RestaurantsGoodForGroups': 'True', 'HasTV': 'True', 'Alcohol': ""u'none'"", 'RestaurantsTakeOut': 'True', 'OutdoorSeating': 'False', 'WiFi': ""u'free'"", 'NoiseLevel': ""u'average'"", 'RestaurantsAttire': ""u'casual'"", 'RestaurantsPriceRange2': '1', 'BusinessAcceptsCreditCards': 'True', 'RestaurantsDelivery': 'True', 'BusinessParking': ""{'garage': False, 'street': True, 'validated': False, 'lot': False, 'valet': False}"", 'RestaurantsReservations': 'True', 'Caters': 'True', 'Ambience': ""{'touristy': False, 'hipster': False, 'romantic': False, 'divey': False, 'intimate': False, 'trendy': False, 'upscale': False, 'classy': False, 'casual': False}"", 'BikeParking': 'True', 'WheelchairAccessible': 'True', 'RestaurantsTableService': 'True'}","Delis, Diners, Restaurants, Breakfast & Brunch, Caterers, Event Planning & Services","{'Monday': '7:0-16:0', 'Tuesday': '7:0-16:0', 'Wednesday': '7:0-16:0', 'Thursday': '7:0-16:0', 'Friday': '7:0-16:0', 'Saturday': '7:30-14:30'}",Restaurants
kPXsRJKRRE5wmMBMBqkFbQ,Evergreen Deli,46 S 4th St,Philadelphia,PA,19106,39.9493121,-75.1476035,4.0,9,1,"{'RestaurantsPriceRange2': '1', 'BusinessAcceptsCreditCards': 'True', 'BusinessParking': ""{'garage': False, 'street': True, 'validated': False, 'lot': False, 'valet': False}"", 'Ambience': ""{'touristy': False, 'hipster': False, 'romantic': False, 'divey': False, 'intimate': False, 'trendy': False, 'upscale': False, 'classy': False, 'casual': False}"", 'RestaurantsTakeOut': 'True', 'Caters': 'True', 'BikeParking': 'True'}","Food, Restaurants, Grocery, Delis, Convenience Stores","{'Monday': '7:0-18:0', 'Tuesday': '7:0-18:0', 'Wednesday': '7:0-18:0', 'Thursday': '7:0-18:0', 'Friday': '7:0-18:0', 'Saturday': '9:0-17:0'}",Restaurants
f8d5NwkN4F2-mpx4MMDf3g,Capogiro Gelato,1625 E Passyunk Ave,Philadelphia,PA,19148,39.929346,-75.1638674,4.0,95,0,"{'RestaurantsPriceRange2': '1', 'BusinessParking': ""{'garage': False, 'street': True, 'validated': False, 'lot': False, 'valet': False}"", 'RestaurantsReservations': 'False', 'RestaurantsDelivery': 'True', 'Alcohol': ""'full_bar'"", 'BusinessAcceptsCreditCards': 'True', 'RestaurantsTakeOut': 'True', 'BikeParking': 'True', 'WiFi': ""u'free'"", 'OutdoorSeating': 'True'}","Coffee & Tea, Food, Restaurants, Italian, Gelato, Ice Cream & Frozen Yogurt","{'Friday': '12:0-23:0', 'Saturday': '12:0-23:0', 'Sunday': '12:0-22:0'}",Restaurants
CU0yiz9rIm6cBkdCGFwJiQ,Waterfront Gourmet Cafe & Deli,1414 S Penn Square,Philadelphia,PA,19102,39.9515435656,-75.1650720835,4.0,20,1,"{'GoodForMeal': ""{'dessert': False, 'latenight': False, 'lunch': False, 'dinner': False, 'brunch': False, 'breakfast': False}"", 'RestaurantsGoodForGroups': 'True', 'Ambience': ""{'touristy': False, 'hipster': False, 'romantic': False, 'divey': False, 'intimate': False, 'trendy': False, 'upscale': False, 'classy': False, 'casual': False}"", 'HasTV': 'True', 'RestaurantsDelivery': 'True', 'BusinessParking': ""{'garage': False, 'street': False, 'validated': False, 'lot': False, 'valet': False}"", 'RestaurantsTakeOut': 'True', 'BusinessAcceptsCreditCards': 'True', 'WiFi': ""u'free'""}","Sandwiches, Cafes, Delis, Restaurants","{'Monday': '7:0-20:0', 'Tuesday': '7:0-20:0', 'Wednesday': '7:0-20:0', 'Thursday': '7:0-20:0', 'Friday': '7:0-20:0', 'Saturday': '8:0-20:0', 'Sunday': '8:0-20:0'}",Restaurants
9oS8GwYwFgSrR34ToywLiw,Victor's Bar,2101 Chestnut St,Philadelphia,PA,19103,39.9524937,-75.1758082,3.0,8,0,"{'HasTV': 'True', 'Ambience': ""{'touristy': False, 'hipster': False, 'romantic': False, 'divey': False, 'intimate': False, 'trendy': False, 'upscale': False, 'classy': False, 'casual': False}"", 'HappyHour': 'True', 'RestaurantsPriceRange2': '1', 'GoodForDancing': 'False', 'RestaurantsGoodForGroups': 'True', 'BusinessAcceptsCreditCards': 'True', 'OutdoorSeating': 'True', 'BikeParking': 'True'}","Pizza, Cocktail Bars, Bars, Nightlife, Wine Bars, Pubs, Restaurants",,Restaurants
BXDV7WRidHmDl-JwLQBxNg,Viet French Cafe and Sandwiches,320 W Oregon Ave,Philadelphia,PA,19148,39.9128751,-75.1537903,4.0,14,0,"{'Alcohol': ""u'none'"", 'GoodForKids': 'True', 'OutdoorSeating': 'False', 'BusinessParking': ""{'garage': False, 'street': False, 'validated': False, 'lot': True, 'valet': False}"", 'RestaurantsReservations': 'False', 'HasTV': 'True', 'RestaurantsTakeOut': 'True', 'RestaurantsAttire': ""u'casual'"", 'BusinessAcceptsCreditCards': 'False', 'RestaurantsPriceRange2': '1', 'RestaurantsGoodForGroups': 'True', 'NoiseLevel': ""u'average'"", 'Ambience': ""{'romantic': False, 'intimate': False, 'touristy': False, 'hipster': False, 'divey': False, 'classy': False, 'trendy': False, 'upscale': False, 'casual': False}""}","Restaurants, French, Sandwiches","{'Monday': '8:0-19:30', 'Tuesday': '8:0-19:30', 'Wednesday': '8:0-19:30', 'Friday': '8:0-19:30', 'Saturday': '8:0-19:30', 'Sunday': '8:0-19:30'}",Restaurants
3M69f6Cg2CAgpEcIgoKS5A,Philip's Steaks,2234 W Passyunk Ave,Philadelphia,PA,19145,39.9225830143,-75.1848140609,3.5,307,1,"{'RestaurantsReservations': 'False', 'RestaurantsDelivery': 'True', 'RestaurantsAttire': ""u'casual'"", 'RestaurantsTakeOut': 'True', 'RestaurantsGoodForGroups': 'True', 'GoodForKids': 'True', 'Alcohol': ""u'none'"", 'BikeParking': 'True', 'WiFi': ""u'no'"", 'BusinessAcceptsCreditCards': 'False', 'HasTV': 'False', 'Caters': 'True', 'RestaurantsPriceRange2': '1', 'BusinessAcceptsBitcoin': 'False', 'OutdoorSeating': 'True', 'WheelchairAccessible': 'True', 'RestaurantsTableService': 'False', 'Corkage': 'False', 'NoiseLevel': ""u'average'"", 'BusinessParking': ""{'garage': False, 'street': True, 'validated': False, 'lot': True, 'valet': False}"", 'GoodForMeal': ""{'dessert': False, 'latenight': True, 'lunch': True, 'dinner': True, 'brunch': None, 'breakfast': False}"", 'Ambience': ""{'touristy': False, 'hipster': False, 'romantic': False, 'divey': None, 'intimate': False, 'trendy': False, 'upscale': False, 'classy': False, 'casual': True}""}","Burgers, Sandwiches, Cheesesteaks, Food, Juice Bars & Smoothies, Restaurants","{'Monday': '0:0-0:0', 'Tuesday': '0:0-0:0', 'Wednesday': '0:0-0:0', 'Thursday': '0:0-0:0', 'Friday': '0:0-0:0', 'Saturday': '0:0-0:0', 'Sunday': '0:0-0:0'}",Restaurants
OAWa1WML2V1ZLJGD6V3nBQ,Middle Child,248 S 11th St,Philadelphia,PA,19107,39.9471698,-75.1594404,4.5,426,1,"{'GoodForKids': 'True', 'BikeParking': 'False', 'RestaurantsTakeOut': 'True', 'BusinessAcceptsCreditCards': 'True', 'WheelchairAccessible': 'True', 'DogsAllowed': 'False', 'WiFi': ""u'free'"", 'RestaurantsTableService': 'False', 'GoodForMeal': ""{'dessert': False, 'latenight': False, 'lunch': True, 'dinner': False, 'brunch': True, 'breakfast': True}"", 'RestaurantsReservations': 'False', 'Caters': 'True', 'Alcohol': ""u'none'"", 'RestaurantsAttire': ""u'casual'"", 'HasTV': 'False', 'RestaurantsDelivery': 'True', 'BusinessParking': ""{'garage': False, 'street': True, 'validated': False, 'lot': False, 'valet': False}"", 'NoiseLevel': ""u'average'"", 'RestaurantsGoodForGroups': 'False', 'HappyHour': 'False', 'RestaurantsPriceRange2': '2', 'Ambience': ""{'touristy': False, 'hipster': False, 'romantic': False, 'divey': False, 'intimate': False, 'trendy': False, 'upscale': False, 'classy': True, 'casual': True}"", 'OutdoorSeating': 'None'}","Coffee & Tea, Sandwiches, Delis, Diners, Food, Restaurants, Salad, Breakfast & Brunch","{'Monday': '0:0-0:0', 'Tuesday': '9:0-15:0', 'Wednesday': '9:0-15:0', 'Thursday': '9:0-15:0', 'Friday': '9:0-15:0', 'Saturday': '8:0-15:0', 'Sunday': '8:0-15:0'}",Restaurants
FIDLmYEuCtSj_rc8lqaKFw,Saffron Patch - Authentic Indian Restaurant,1849 Wolf St,Philadelphia,PA,19145,39.9230489,-75.1780791,4.0,64,1,"{'GoodForKids': 'True', 'WiFi': ""u'free'"", 'WheelchairAccessible': 'True', 'Ambience': ""{'touristy': None, 'hipster': None, 'romantic': False, 'divey': None, 'intimate': None, 'trendy': None, 'upscale': False, 'classy': None, 'casual': None}"", 'BusinessAcceptsCreditCards': 'True', 'BusinessParking': ""{'garage': False, 'street': False, 'validated': False, 'lot': False, 'valet': False}"", 'RestaurantsReservations': 'False', 'OutdoorSeating': 'False', 'RestaurantsAttire': ""'casual'"", 'RestaurantsDelivery': 'True', 'Alcohol': ""u'none'"", 'HasTV': 'True', 'RestaurantsTakeOut': 'True', 'GoodForMeal': ""{'dessert': False, 'latenight': False, 'lunch': False, 'dinner': False, 'brunch': False, 'breakfast': False}"", 'RestaurantsPriceRange2': '2', 'RestaurantsGoodForGroups': 'True'}","Chicken Shop, Vegetarian, Restaurants, Indian, Seafood, Halal","{'Monday': '12:0-22:0', 'Tuesday': '12:0-22:0', 'Wednesday': '12:0-22:0', 'Thursday': '12:0-22:0', 'Friday': '12:0-22:0', 'Saturday': '12:0-22:0', 'Sunday': '12:0-22:0'}",Restaurants
HKybYRX9b-Qaobnojl7-6w,Cozette Pizza,443 S St,Philadelphia,PA,19147,39.9418866454,-75.1505933,4.0,5,1,"{'RestaurantsTakeOut': 'True', 'RestaurantsDelivery': 'True'}","Pizza, Restaurants","{'Thursday': '16:0-21:0', 'Friday': '16:0-21:0', 'Saturday': '16:0-21:0', 'Sunday': '16:0-21:0'}",Restaurants
X_VJmXGiV6NqPwCrqjwPyw,Nathan's Famous,2955 Market St,Philadelphia,PA,19104,39.955346,-75.182122,1.5,5,1,"{'RestaurantsGoodForGroups': 'True', 'GoodForMeal': 'None', 'GoodForKids': 'True', 'RestaurantsPriceRange2': '1', 'BusinessAcceptsCreditCards': 'True', 'WiFi': ""'no'"", 'Ambience': 'None', 'RestaurantsDelivery': 'True', 'RestaurantsReservations': 'False', 'RestaurantsAttire': ""'casual'"", 'RestaurantsTakeOut': 'True'}","Hot Dogs, Restaurants",,Restaurants
u4yZ_V4JA96c5xqJCJbegA,Tietra,1425 Locust St,Philadelphia,PA,19102,39.948595,-75.165898,3.5,32,0,"{'RestaurantsPriceRange2': '2', 'Alcohol': ""u'full_bar'"", 'OutdoorSeating': 'True', 'RestaurantsReservations': 'True', 'BusinessParking': ""{'garage': False, 'street': True, 'validated': False, 'lot': False, 'valet': False}"", 'RestaurantsGoodForGroups': 'True', 'RestaurantsAttire': ""u'casual'"", 'NoiseLevel': ""u'average'"", 'RestaurantsTakeOut': 'True', 'GoodForKids': 'False', 'BusinessAcceptsCreditCards': 'True', 'Ambience': ""{'romantic': False, 'intimate': False, 'touristy': False, 'hipster': False, 'divey': False, 'classy': False, 'trendy': False, 'upscale': False, 'casual': True}"", 'HasTV': 'True', 'HappyHour': 'True'}","Italian, Food, Restaurants, Mediterranean",,Restaurants
WGfnSTCWAzk1xqtkJVB7RA,Sushi Planet,624 S 3rd St,Philadelphia,PA,19147,39.9407229718,-75.147974,3.5,192,1,"{'RestaurantsPriceRange2': '2', 'BikeParking': 'True', 'RestaurantsDelivery': 'True', 'BusinessAcceptsCreditCards': 'True', 'BusinessParking': ""{'garage': False, 'street': True, 'validated': False, 'lot': False, 'valet': False}"", 'RestaurantsReservations': 'True', 'RestaurantsGoodForGroups': 'True', 'RestaurantsAttire': ""u'casual'"", 'RestaurantsTakeOut': 'True', 'Alcohol': ""u'none'"", 'GoodForKids': 'True', 'NoiseLevel': ""u'quiet'"", 'GoodForMeal': ""{'dessert': False, 'latenight': False, 'lunch': False, 'dinner': True, 'brunch': False, 'breakfast': False}"", 'Caters': 'True', 'WiFi': ""u'no'"", 'DogsAllowed': 'False', 'Ambience': ""{'touristy': False, 'hipster': False, 'romantic': False, 'divey': False, 'intimate': False, 'trendy': False, 'upscale': False, 'classy': True, 'casual': True}"", 'RestaurantsTableService': 'True', 'HasTV': 'False', 'HappyHour': 'False', 'OutdoorSeating': 'False', 'WheelchairAccessible': 'False'}","Japanese, Restaurants, Sushi Bars","{'Monday': '16:0-21:30', 'Tuesday': '16:0-21:30', 'Wednesday': '12:0-21:30', 'Thursday': '12:0-21:30', 'Friday': '12:0-22:30', 'Saturday': '17:0-22:0', 'Sunday': '16:0-21:30'}",Restaurants
68ThEdiK0eWCEgGEmV9Tng,Southgate,1801 Lombard St,Philadelphia,PA,19146,39.9455687,-75.1717901,4.0,323,1,"{'RestaurantsTakeOut': 'True', 'RestaurantsAttire': ""'casual'"", 'Ambience': ""{'touristy': False, 'hipster': False, 'romantic': False, 'divey': False, 'intimate': False, 'trendy': False, 'upscale': False, 'classy': True, 'casual': True}"", 'NoiseLevel': ""u'average'"", 'ByAppointmentOnly': 'False', 'BusinessAcceptsCreditCards': 'True', 'RestaurantsTableService': 'True', 'Alcohol': ""u'full_bar'"", 'Corkage': 'True', 'RestaurantsGoodForGroups': 'True', 'DogsAllowed': 'True', 'Caters': 'False', 'WiFi': ""u'no'"", 'BusinessParking': ""{'garage': False, 'street': True, 'validated': False, 'lot': False, 'valet': False}"", 'HappyHour': 'True', 'RestaurantsDelivery': 'True', 'BusinessAcceptsBitcoin': 'False', 'HasTV': 'True', 'RestaurantsReservations': 'True', 'OutdoorSeating': 'True', 'BikeParking': 'True', 'WheelchairAccessible': 'False', 'RestaurantsPriceRange2': '2', 'GoodForKids': 'False', 'BYOB': 'False', 'GoodForMeal': ""{u'breakfast': False, u'brunch': False, u'lunch': None, u'dinner': True, u'latenight': False, u'dessert': False}""}","Breakfast & Brunch, American (Traditional), Korean, Restaurants, Gastropubs, Nightlife, Bars, Cocktail Bars","{'Monday': '0:0-0:0', 'Tuesday': '16:0-21:0', 'Wednesday': '16:0-21:0', 'Thursday': '16:0-21:0', 'Friday': '16:0-22:0', 'Saturday': '14:0-22:0', 'Sunday': '14:0-21:0'}",Restaurants
KofmXktylwRz6ziJqW24tg,Delilah's Southern Cafe,2955 Market St,Philadelphia,PA,19104,39.9552303,-75.1823196,2.0,9,0,"{'RestaurantsPriceRange2': '2', 'Alcohol': ""u'none'"", 'RestaurantsGoodForGroups': 'True', 'WiFi': ""u'no'"", 'RestaurantsAttire': ""u'casual'"", 'BusinessAcceptsCreditCards': 'True', 'GoodForKids': 'True', 'RestaurantsReservations': 'False', 'RestaurantsDelivery': 'False', 'NoiseLevel': ""u'average'"", 'RestaurantsTakeOut': 'True', 'BusinessParking': ""{'garage': False, 'street': False, 'validated': False, 'lot': False, 'valet': False}"", 'Ambience': ""{'romantic': False, 'intimate': False, 'touristy': False, 'hipster': False, 'divey': False, 'classy': False, 'trendy': False, 'upscale': False, 'casual': False}"", 'Caters': 'True', 'HasTV': 'False', 'OutdoorSeating': 'True'}","Southern, Soul Food, Restaurants",,Restaurants
A9K47DPPPxmoi3HorT1xag,Lazaro's 2 Pizzeria & Grill,716 Sansom St,Philadelphia,PA,19106,39.9484491,-75.1532384,4.0,9,0,"{'GoodForMeal': ""{'dessert': False, 'latenight': False, 'lunch': False, 'dinner': False, 'brunch': False, 'breakfast': False}"", 'RestaurantsGoodForGroups': 'True', 'Ambience': ""{'touristy': False, 'hipster': False, 'romantic': False, 'divey': False, 'intimate': False, 'trendy': False, 'upscale': False, 'classy': False, 'casual': False}"", 'BusinessParking': ""{'garage': False, 'street': False, 'validated': False, 'lot': False, 'valet': False}"", 'RestaurantsTakeOut': 'None', 'RestaurantsDelivery': 'None'}","Restaurants, Pizza","{'Monday': '11:0-22:0', 'Tuesday': '11:0-22:0', 'Wednesday': '11:0-22:0', 'Thursday': '11:0-22:0', 'Friday': '11:0-23:0', 'Saturday': '11:0-23:0', 'Sunday': '11:30-21:30'}",Restaurants
Faog49Gh5vUudIhUqI9m2A,La Canasta Mexican Food,2341 S 4th St,Philadelphia,PA,19148,39.918652,-75.1539794,5.0,23,1,"{'RestaurantsDelivery': 'True', 'RestaurantsTakeOut': 'True', 'RestaurantsGoodForGroups': 'True', 'Ambience': ""{u'divey': None, u'hipster': False, u'casual': True, u'touristy': False, u'trendy': None, u'intimate': True, u'romantic': True, u'classy': False, u'upscale': None}"", 'Alcohol': ""u'none'"", 'OutdoorSeating': 'False', 'BusinessParking': ""{u'valet': False, u'garage': False, u'street': True, u'lot': False, u'validated': False}"", 'Caters': 'True'}","Restaurants, Tacos, Tex-Mex, Mexican","{'Monday': '12:0-22:0', 'Tuesday': '12:0-22:0', 'Wednesday': '12:0-22:0', 'Thursday': '12:0-22:0', 'Friday': '12:0-22:0', 'Saturday': '9:0-22:0'}",Restaurants
L_Rwy6oSAnMUY3NCDspxmA,The Good King Tavern,614 S 7th St,Philadelphia,PA,19147,39.941969,-75.154207,4.0,338,1,"{'GoodForKids': 'False', 'BusinessAcceptsCreditCards': 'True', 'RestaurantsGoodForGroups': 'True', 'RestaurantsPriceRange2': '2', 'BikeParking': 'True', 'NoiseLevel': ""u'average'"", 'RestaurantsReservations': 'True', 'Alcohol': ""u'full_bar'"", 'BusinessParking': ""{'garage': False, 'street': True, 'validated': False, 'lot': False, 'valet': False}"", 'RestaurantsAttire': ""u'casual'"", 'OutdoorSeating': 'True', 'Caters': 'False', 'WiFi': ""u'free'"", 'HasTV': 'True', 'RestaurantsDelivery': 'True', 'BestNights': ""{'monday': False, 'tuesday': False, 'friday': True, 'wednesday': False, 'thursday': False, 'sunday': True, 'saturday': True}"", 'Music': ""{'dj': False, 'background_music': False, 'no_music': False, 'jukebox': False, 'live': False, 'video': False, 'karaoke': False}"", 'GoodForDancing': 'False', 'ByAppointmentOnly': 'False', 'GoodForMeal': ""{'dessert': False, 'latenight': False, 'lunch': False, 'dinner': True, 'brunch': False, 'breakfast': False}"", 'RestaurantsTakeOut': 'True', 'Ambience': ""{u'divey': False, u'hipster': False, u'casual': True, u'touristy': False, u'trendy': None, u'intimate': None, u'romantic': None, u'classy': False, u'upscale': False}""}","Nightlife, Wine Bars, Breakfast & Brunch, Bars, Restaurants, Cocktail Bars, Brasseries, French","{'Monday': '0:0-0:0', 'Tuesday': '17:0-23:0', 'Wednesday': '17:0-23:0', 'Thursday': '17:0-23:0', 'Friday': '17:0-23:0', 'Saturday': '15:0-23:0'}",Restaurants
dqCh-L9qSQoW6YudvERNrg,Chestnut Diner,1614 Chestnut St,Philadelphia,PA,19103,39.951277,-75.1678954,4.0,15,0,"{'RestaurantsTakeOut': 'True', 'Corkage': 'False', 'Alcohol': ""u'none'"", 'WiFi': ""u'free'"", 'BusinessAcceptsCreditCards': 'True', 'HasTV': 'True', 'Caters': 'True', 'RestaurantsReservations': 'False', 'WheelchairAccessible': 'True', 'BikeParking': 'True', 'HappyHour': 'False', 'RestaurantsTableService': 'True', 'BYOB': 'True', 'RestaurantsDelivery': 'True', 'OutdoorSeating': 'False'}","Diners, American (Traditional), Restaurants","{'Monday': '6:30-23:0', 'Tuesday': '6:30-23:0', 'Wednesday': '6:30-23:0', 'Thursday': '6:30-23:0', 'Friday': '6:30-6:0', 'Saturday': '6:30-6:0', 'Sunday': '6:30-23:0'}",Restaurants
_RwlMTw9uFeOkfX9Ctf1HA,Dinardo's Famous Crabs,312 Race St,Philadelphia,PA,19106,39.9540048,-75.1454969,2.5,256,0,"{'RestaurantsDelivery': 'False', 'Ambience': ""{'romantic': False, 'intimate': False, 'touristy': False, 'hipster': False, 'divey': False, 'classy': False, 'trendy': False, 'upscale': False, 'casual': True}"", 'BusinessAcceptsCreditCards': 'True', 'Alcohol': ""u'full_bar'"", 'NoiseLevel': ""u'average'"", 'Caters': 'False', 'RestaurantsAttire': ""u'casual'"", 'RestaurantsPriceRange2': '3', 'RestaurantsGoodForGroups': 'True', 'OutdoorSeating': 'True', 'HasTV': 'True', 'GoodForKids': 'True', 'BusinessParking': ""{'garage': True, 'street': True, 'validated': True, 'lot': False, 'valet': False}"", 'RestaurantsTakeOut': 'True', 'WiFi': ""u'no'"", 'BikeParking': 'True', 'RestaurantsReservations': 'True', 'GoodForMeal': ""{'dessert': False, 'latenight': False, 'lunch': False, 'dinner': True, 'brunch': False, 'breakfast': False}""}","American (Traditional), Food, Restaurants, Seafood","{'Monday': '11:0-21:30', 'Tuesday': '11:0-21:30', 'Wednesday': '11:0-21:30', 'Thursday': '11:0-21:30', 'Friday': '11:0-22:30', 'Saturday': '11:0-22:30', 'Sunday': '15:0-21:0'}",Restaurants
fSf3TliYT-rprh3YDs4phQ,Chef King,1013 Spring Garden St,Philadelphia,PA,19123,39.9618929,-75.1549619,3.0,23,1,"{'RestaurantsDelivery': 'True', 'Alcohol': ""u'none'"", 'RestaurantsPriceRange2': '2', 'NoiseLevel': ""u'very_loud'"", 'RestaurantsTakeOut': 'True', 'Ambience': ""{'touristy': False, 'hipster': False, 'romantic': False, 'divey': False, 'intimate': False, 'trendy': False, 'upscale': False, 'classy': False, 'casual': False}"", 'OutdoorSeating': 'False', 'RestaurantsAttire': ""u'casual'"", 'BusinessParking': ""{'garage': False, 'street': False, 'validated': False, 'lot': False, 'valet': False}"", 'RestaurantsReservations': 'False', 'RestaurantsGoodForGroups': 'True', 'HasTV': 'True'}","Restaurants, Chinese","{'Monday': '10:30-22:30', 'Tuesday': '10:30-22:30', 'Wednesday': '10:30-22:30', 'Thursday': '10:30-22:30', 'Friday': '10:30-23:0', 'Saturday': '10:30-23:0', 'Sunday': '11:30-22:30'}",Restaurants
pbGPP7lGMhpIpzpoCp9mow,Astral Plane Millenium,1708 Lombard St,Philadelphia,PA,19146,39.9451918,-75.1705279,2.0,6,0,"{'BusinessAcceptsCreditCards': 'True', 'RestaurantsPriceRange2': '2', 'BusinessParking': ""{'garage': False, 'street': False, 'validated': False, 'lot': False, 'valet': False}"", 'RestaurantsGoodForGroups': 'True', 'OutdoorSeating': 'True', 'RestaurantsReservations': 'True', 'RestaurantsAttire': ""u'casual'"", 'Alcohol': ""u'none'""}","Restaurants, Food, American (New)",,Restaurants
AxcyIxsjJbRNG2RFTguavw,Mike's Hot Dog Cart,24th & Passyunk Ave,Philadelphia,PA,19146,39.9223806,-75.1869289,5.0,22,1,"{'GoodForKids': 'True', 'NoiseLevel': ""'average'"", 'WiFi': ""'no'"", 'Ambience': ""{'romantic': False, 'intimate': False, 'classy': False, 'hipster': False, 'divey': False, 'touristy': False, 'trendy': False, 'upscale': False, 'casual': False}"", 'OutdoorSeating': 'False', 'RestaurantsPriceRange2': '1', 'Caters': 'False', 'BikeParking': 'True', 'RestaurantsTakeOut': 'True', 'Alcohol': ""'none'"", 'RestaurantsReservations': 'False', 'RestaurantsAttire': ""'casual'"", 'RestaurantsDelivery': 'False', 'BusinessAcceptsCreditCards': 'False', 'HasTV': 'True', 'RestaurantsGoodForGroups': 'False', 'BusinessParking': ""{'garage': False, 'street': False, 'validated': False, 'lot': True, 'valet': False}""}","Food Stands, Restaurants",,Restaurants
jgHrwlWf6IzmtHcsuQOq9w,Palladino's,1934 E Passyunk Ave,Philadelphia,PA,19148,39.9259194,-75.1684683,3.5,102,0,"{'RestaurantsPriceRange2': '3', 'GoodForKids': 'False', 'Alcohol': ""'full_bar'"", 'HasTV': 'True', 'NoiseLevel': ""'average'"", 'OutdoorSeating': 'True', 'RestaurantsDelivery': 'True', 'WheelchairAccessible': 'True', 'Caters': 'True', 'RestaurantsGoodForGroups': 'True', 'RestaurantsAttire': ""'casual'"", 'BusinessAcceptsCreditCards': 'True', 'WiFi': ""u'free'"", 'BestNights': ""{'monday': False, 'tuesday': False, 'friday': False, 'wednesday': False, 'thursday': False, 'sunday': False, 'saturday': False}"", 'GoodForDancing': 'False', 'RestaurantsTableService': 'True', 'Smoking': ""u'no'"", 'Music': '{}', 'HappyHour': 'True', 'CoatCheck': 'True', 'RestaurantsTakeOut': 'True', 'GoodForMeal': ""{'dessert': False, 'latenight': False, 'lunch': False, 'dinner': True, 'brunch': False, 'breakfast': False}"", 'BikeParking': 'True', 'RestaurantsReservations': 'True', 'BusinessParking': ""{'garage': True, 'street': True, 'validated': False, 'lot': False, 'valet': True}"", 'Ambience': ""{'romantic': False, 'intimate': False, 'classy': False, 'hipster': False, 'divey': False, 'touristy': False, 'trendy': False, 'upscale': False, 'casual': True}""}","Steakhouses, Cocktail Bars, Italian, Nightlife, Bars, Restaurants","{'Monday': '17:0-0:0', 'Tuesday': '17:0-0:0', 'Wednesday': '17:0-0:0', 'Thursday': '17:0-0:0', 'Friday': '17:0-0:0', 'Saturday': '13:30-0:0', 'Sunday': '10:30-0:0'}",Restaurants
C_lyUPmRABHpE0K8C9TxFw,Gennaro's Tomato Pie,1429 Jackson St,Philadelphia,PA,19145,39.923454,-75.171167,4.5,84,0,"{'HasTV': 'False', 'RestaurantsTakeOut': 'True', 'RestaurantsGoodForGroups': 'True', 'Ambience': ""{'romantic': False, 'intimate': False, 'touristy': False, 'hipster': False, 'divey': False, 'classy': False, 'trendy': False, 'upscale': False, 'casual': True}"", 'RestaurantsAttire': ""u'casual'"", 'Alcohol': ""u'none'"", 'OutdoorSeating': 'False', 'RestaurantsPriceRange2': '2', 'RestaurantsReservations': 'False', 'BusinessParking': ""{'garage': False, 'street': True, 'validated': False, 'lot': False, 'valet': False}"", 'NoiseLevel': ""u'average'"", 'WiFi': ""u'no'"", 'RestaurantsDelivery': 'False', 'BusinessAcceptsCreditCards': 'False', 'Caters': 'False', 'GoodForKids': 'True', 'BikeParking': 'True', 'GoodForMeal': ""{'dessert': False, 'latenight': False, 'lunch': False, 'dinner': True, 'brunch': False, 'breakfast': False}""}","Italian, Restaurants, Pizza, Salad","{'Wednesday': '17:0-22:0', 'Thursday': '17:0-22:0', 'Friday': '17:0-23:0', 'Saturday': '17:0-23:0', 'Sunday': '17:0-22:0'}",Restaurants
m408YCnvuIywzZkJX3K9KQ,Au Bon Pain,2005 Market St,Philadelphia,PA,19103,39.954038,-75.174378,2.0,32,1,"{'RestaurantsReservations': 'False', 'RestaurantsAttire': ""'casual'"", 'OutdoorSeating': 'True', 'RestaurantsTakeOut': 'True', 'BusinessAcceptsCreditCards': 'True', 'RestaurantsGoodForGroups': 'False', 'Alcohol': ""u'none'"", 'GoodForKids': 'True', 'RestaurantsPriceRange2': '1', 'RestaurantsDelivery': 'True', 'NoiseLevel': ""u'average'"", 'Ambience': ""{'touristy': False, 'hipster': False, 'romantic': False, 'divey': False, 'intimate': False, 'trendy': False, 'upscale': False, 'classy': False, 'casual': False}"", 'HasTV': 'True', 'BusinessParking': ""{'garage': None, 'street': None, 'validated': None, 'lot': False, 'valet': False}"", 'GoodForMeal': ""{'dessert': False, 'latenight': False, 'lunch': False, 'dinner': False, 'brunch': False, 'breakfast': False}"", 'WiFi': ""u'free'""}","Restaurants, Food, Sandwiches, Soup, Fast Food, Coffee & Tea",,Restaurants
KkCkP7Va_4OD25Q35UyynA,Parmigiana,501 Fairmount Ave,Philadelphia,PA,19123,39.9633598577,-75.1468192956,4.5,12,1,"{'RestaurantsTakeOut': 'True', 'RestaurantsDelivery': 'True'}","Restaurants, Italian",,Restaurants
MdAO6bEVCYmAjw2IaGJ5RA,Fork: etc.,308 Market St,Philadelphia,PA,19106,39.9498,-75.146232,4.0,79,0,"{'NoiseLevel': ""u'quiet'"", 'OutdoorSeating': 'True', 'RestaurantsPriceRange2': '2', 'RestaurantsTakeOut': 'True', 'Alcohol': ""u'none'"", 'RestaurantsDelivery': 'False', 'Ambience': ""{'romantic': False, 'intimate': False, 'touristy': False, 'hipster': False, 'divey': False, 'classy': False, 'trendy': False, 'upscale': False, 'casual': True}"", 'GoodForKids': 'True', 'RestaurantsAttire': ""u'casual'"", 'BusinessParking': ""{'garage': False, 'street': True, 'validated': False, 'lot': False, 'valet': False}"", 'RestaurantsReservations': 'False', 'HasTV': 'False', 'Caters': 'True', 'RestaurantsGoodForGroups': 'False', 'BusinessAcceptsCreditCards': 'True', 'WiFi': ""u'no'""}","American (New), Sandwiches, Cafes, Restaurants","{'Monday': '7:0-20:0', 'Tuesday': '7:0-20:0', 'Wednesday': '7:0-20:0', 'Thursday': '7:0-20:0', 'Friday': '7:0-20:0', 'Saturday': '8:0-20:0', 'Sunday': '8:0-18:0'}",Restaurants
5IEkofnAwaleuGjfBVsrvw,Turp’s Kitchen,2101 S 3rd St,Philadelphia,PA,19148,39.9218264,-75.150924,3.0,8,1,"{'RestaurantsDelivery': 'True', 'RestaurantsTakeOut': 'True'}","Restaurants, Soul Food, Chicken Wings, Sandwiches","{'Monday': '13:0-21:0', 'Wednesday': '13:0-21:0', 'Thursday': '13:0-21:0', 'Friday': '13:0-21:0', 'Saturday': '13:0-21:0', 'Sunday': '12:0-19:0'}",Restaurants
zM-FI9KgcFF8cO4ivQ44uw,Paul,1120 Pine Street,Philadelphia,PA,19107,39.9449491,-75.1607343,3.5,29,0,"{'BusinessAcceptsCreditCards': 'False', 'RestaurantsTakeOut': 'False', 'RestaurantsGoodForGroups': 'False', 'OutdoorSeating': 'False', 'BusinessParking': ""{'garage': False, 'street': True, 'validated': False, 'lot': False, 'valet': False}"", 'GoodForKids': 'False', 'RestaurantsReservations': 'True', 'RestaurantsPriceRange2': '2', 'RestaurantsAttire': ""u'casual'"", 'Alcohol': ""u'full_bar'"", 'RestaurantsDelivery': 'False', 'GoodForMeal': ""{'dessert': False, 'latenight': False, 'lunch': False, 'dinner': True, 'brunch': False, 'breakfast': False}""}","Breakfast & Brunch, American (New), Restaurants",,Restaurants
7gNY2fx_8-RFicmecY3RsA,Sports & Social Philly,900 Packer Ave,Philadelphia,PA,19148,39.9093845767,-75.1647046174,3.5,8,1,{'HasTV': 'True'},"Nightlife, Arts & Entertainment, Restaurants, Bars, Sports Bars, Casinos, Sports Betting","{'Monday': '11:0-2:0', 'Tuesday': '11:0-2:0', 'Wednesday': '11:0-2:0', 'Thursday': '11:0-2:0', 'Friday': '11:0-2:0', 'Saturday': '11:0-2:0', 'Sunday': '11:0-2:0'}",Restaurants
LY6OCkHEwfZtdOoQawNkWg,Samosa Vegetarian,1214 Walnut St,Philadelphia,PA,19107,39.9488451,-75.1612613,4.5,74,0,"{'GoodForMeal': ""{'dessert': False, 'latenight': False, 'lunch': False, 'dinner': False, 'brunch': False, 'breakfast': False}"", 'Ambience': ""{'touristy': None, 'hipster': None, 'romantic': None, 'divey': None, 'intimate': True, 'trendy': None, 'upscale': False, 'classy': False, 'casual': True}"", 'OutdoorSeating': 'False', 'NoiseLevel': ""u'average'"", 'RestaurantsTakeOut': 'True', 'RestaurantsReservations': 'False', 'Alcohol': ""u'none'"", 'BusinessAcceptsCreditCards': 'True', 'RestaurantsDelivery': 'False', 'BusinessParking': ""{'garage': None, 'street': None, 'validated': None, 'lot': False, 'valet': False}"", 'GoodForKids': 'True', 'RestaurantsTableService': 'False', 'RestaurantsGoodForGroups': 'True', 'HasTV': 'True', 'RestaurantsPriceRange2': '1'}","Indian, Restaurants, Vegetarian, Buffets","{'Monday': '17:30-20:30', 'Tuesday': '17:30-20:30', 'Wednesday': '17:30-20:30', 'Thursday': '17:30-20:30', 'Friday': '17:30-20:30', 'Saturday': '17:30-20:30', 'Sunday': '17:30-20:30'}",Restaurants
5yeL75bFLZlGB6dUfwCIQw,Cotoletta Fitler Square,2227 Pine St,Philadelphia,PA,19103,39.9474735,-75.1791848,4.0,75,1,"{'HasTV': 'True', 'HappyHour': 'True', 'BusinessAcceptsCreditCards': 'True', 'OutdoorSeating': 'True', 'Alcohol': ""u'full_bar'"", 'RestaurantsReservations': 'True', 'WiFi': ""u'no'"", 'Caters': 'True', 'BusinessParking': ""{'garage': False, 'street': True, 'validated': False, 'lot': False, 'valet': False}"", 'NoiseLevel': ""u'average'"", 'RestaurantsTakeOut': 'True', 'RestaurantsTableService': 'True', 'BusinessAcceptsBitcoin': 'False', 'RestaurantsDelivery': 'True', 'Ambience': ""{'touristy': False, 'hipster': False, 'romantic': False, 'divey': False, 'intimate': False, 'trendy': False, 'upscale': False, 'classy': True, 'casual': False}""}","Restaurants, Italian","{'Monday': '17:0-21:0', 'Tuesday': '17:0-21:0', 'Wednesday': '17:0-21:0', 'Thursday': '17:0-21:0', 'Friday': '17:0-22:0', 'Saturday': '17:0-22:0', 'Sunday': '17:0-21:0'}",Restaurants
Iyopb5uFIBT_HOgp8ipSfw,Le Viet Restaurant,1019 S 11th St,Philadelphia,PA,19147,39.9376867,-75.1610435,4.0,322,1,"{'GoodForKids': 'True', 'BusinessAcceptsCreditCards': 'True', 'RestaurantsPriceRange2': '2', 'HasTV': 'True', 'NoiseLevel': ""u'average'"", 'WiFi': ""u'free'"", 'Caters': 'False', 'RestaurantsTakeOut': 'True', 'RestaurantsAttire': ""u'casual'"", 'BikeParking': 'True', 'RestaurantsGoodForGroups': 'True', 'RestaurantsReservations': 'True', 'Alcohol': ""u'full_bar'"", 'BusinessParking': ""{'garage': False, 'street': True, 'validated': False, 'lot': False, 'valet': False}"", 'GoodForMeal': ""{'dessert': False, 'latenight': False, 'lunch': True, 'dinner': True, 'brunch': False, 'breakfast': False}"", 'Ambience': ""{'touristy': False, 'hipster': False, 'romantic': False, 'divey': False, 'intimate': False, 'trendy': True, 'upscale': False, 'classy': True, 'casual': False}"", 'RestaurantsDelivery': 'True', 'HappyHour': 'True', 'OutdoorSeating': 'True', 'DogsAllowed': 'False'}","Vietnamese, Restaurants","{'Monday': '16:0-21:0', 'Wednesday': '16:0-21:0', 'Thursday': '16:0-21:0', 'Friday': '16:0-21:0', 'Saturday': '11:0-21:0', 'Sunday': '11:0-21:0'}",Restaurants
Rt-J208w2fzPit4QZhwlVA,Quiznos,1201 Chestnut St,Philadelphia,PA,19107,39.950708,-75.1603219,3.0,5,0,"{'RestaurantsDelivery': 'False', 'RestaurantsTakeOut': 'True', 'RestaurantsPriceRange2': '1', 'GoodForKids': 'True', 'Alcohol': ""u'none'"", 'RestaurantsAttire': ""u'casual'"", 'RestaurantsGoodForGroups': 'False', 'RestaurantsReservations': 'False', 'BusinessParking': ""{'garage': False, 'street': False, 'validated': False, 'lot': False, 'valet': False}"", 'OutdoorSeating': 'False', 'Caters': 'False', 'BusinessAcceptsCreditCards': 'True'}","Fast Food, Restaurants, Sandwiches",,Restaurants
4RMHlggaIdNibPUJPVEd6w,Bridgewater's Pub,30th Street Station,Philadelphia,PA,19104,39.95528,-75.18251,3.5,162,0,"{'RestaurantsAttire': ""u'casual'"", 'BikeParking': 'True', 'NoiseLevel': ""u'average'"", 'RestaurantsPriceRange2': '2', 'RestaurantsTakeOut': 'True', 'WiFi': ""u'no'"", 'HasTV': 'True', 'Alcohol': ""u'full_bar'"", 'BusinessAcceptsCreditCards': 'True', 'Caters': 'False', 'RestaurantsReservations': 'True', 'RestaurantsTableService': 'True', 'GoodForMeal': ""{'dessert': False, 'latenight': False, 'lunch': True, 'dinner': True, 'brunch': False, 'breakfast': False}"", 'BusinessParking': ""{'garage': None, 'street': None, 'validated': False, 'lot': None, 'valet': False}"", 'CoatCheck': 'False', 'Smoking': ""u'no'"", 'RestaurantsGoodForGroups': 'False', 'HappyHour': 'True', 'GoodForDancing': 'False', 'Ambience': ""{'touristy': False, 'hipster': False, 'romantic': False, 'divey': False, 'intimate': False, 'trendy': False, 'upscale': False, 'classy': True, 'casual': True}"", 'OutdoorSeating': 'True', 'RestaurantsDelivery': 'None', 'Music': ""{'dj': False, 'background_music': False, 'no_music': False, 'jukebox': False, 'live': False, 'video': False, 'karaoke': False}"", 'GoodForKids': 'False'}","American (New), Bars, Restaurants, Nightlife","{'Monday': '11:30-0:0', 'Tuesday': '11:30-0:0', 'Wednesday': '11:30-0:0', 'Thursday': '11:30-0:0', 'Friday': '11:30-0:0', 'Saturday': '11:30-0:0', 'Sunday': '11:30-21:0'}",Restaurants
lIOEBs50Uk45ehz7zrtYmQ,Tandoori Of India,1100 Jackson St,Philadelphia,PA,19148,39.922337,-75.164854,4.0,71,1,"{'RestaurantsPriceRange2': '2', 'BikeParking': 'True', 'WiFi': ""u'free'"", 'RestaurantsTableService': 'True', 'RestaurantsDelivery': 'True', 'RestaurantsGoodForGroups': 'False', 'WheelchairAccessible': 'False', 'Alcohol': ""u'none'"", 'BusinessAcceptsCreditCards': 'True', 'RestaurantsTakeOut': 'True', 'Ambience': ""{u'divey': None, u'hipster': None, u'casual': None, u'touristy': None, u'trendy': None, u'intimate': None, u'romantic': False, u'classy': False, u'upscale': False}"", 'GoodForKids': 'False', 'Caters': 'True', 'GoodForMeal': ""{'dessert': False, 'latenight': False, 'lunch': False, 'dinner': False, 'brunch': False, 'breakfast': False}"", 'HasTV': 'True', 'DogsAllowed': 'False', 'OutdoorSeating': 'False', 'BYOB': 'True', 'RestaurantsReservations': 'True', 'Corkage': 'False', 'BusinessParking': ""{'garage': False, 'street': True, 'validated': False, 'lot': False, 'valet': False}"", 'HappyHour': 'False'}","Indian, Venues & Event Spaces, Desserts, Food, Salad, Halal, Event Planning & Services, Restaurants","{'Monday': '11:30-0:0', 'Tuesday': '11:30-0:0', 'Wednesday': '16:0-0:0', 'Thursday': '11:30-0:0', 'Friday': '11:30-0:0', 'Saturday': '12:0-0:0', 'Sunday': '12:0-0:0'}",Restaurants
IWHdx0NhDKADkGOgXgOFKQ,Tommy DiNic's,1136 Arch St,Philadelphia,PA,19147,39.95347837,-75.1593960603,4.0,2221,1,"{'NoiseLevel': ""u'loud'"", 'GoodForKids': 'True', 'RestaurantsAttire': ""'casual'"", 'RestaurantsGoodForGroups': 'False', 'BusinessAcceptsCreditCards': 'True', 'Alcohol': ""'none'"", 'WiFi': ""u'no'"", 'RestaurantsTableService': 'False', 'RestaurantsPriceRange2': '2', 'BikeParking': 'True', 'BusinessParking': ""{'garage': True, 'street': True, 'validated': False, 'lot': True, 'valet': False}"", 'GoodForMeal': ""{'dessert': False, 'latenight': False, 'lunch': True, 'dinner': None, 'brunch': False, 'breakfast': False}"", 'DogsAllowed': 'False', 'OutdoorSeating': 'False', 'RestaurantsReservations': 'False', 'HasTV': 'True', 'Ambience': ""{'touristy': None, 'hipster': False, 'romantic': False, 'divey': False, 'intimate': False, 'trendy': False, 'upscale': False, 'classy': False, 'casual': True}"", 'Caters': 'False', 'RestaurantsTakeOut': 'True', 'HappyHour': 'False', 'RestaurantsDelivery': 'True'}","Restaurants, American (Traditional), Sandwiches","{'Monday': '9:0-16:0', 'Tuesday': '9:0-18:0', 'Wednesday': '9:0-18:0', 'Thursday': '9:0-18:0', 'Friday': '9:0-18:0', 'Saturday': '9:0-18:0', 'Sunday': '9:0-16:0'}",Restaurants
_kSaLnFZIEpOZEg6ZIxKvQ,High Point Cafe,1925 Fairmount Ave,Philadelphia,PA,19130,39.9673949,-75.1696764,4.0,28,0,"{'NoiseLevel': ""u'very_loud'"", 'RestaurantsTableService': 'False', 'GoodForMeal': ""{'dessert': False, 'latenight': False, 'lunch': False, 'dinner': False, 'brunch': False, 'breakfast': False}"", 'RestaurantsReservations': 'False', 'RestaurantsTakeOut': 'True', 'Ambience': ""{'touristy': False, 'hipster': False, 'romantic': False, 'divey': False, 'intimate': False, 'trendy': False, 'upscale': False, 'classy': False, 'casual': False}"", 'Alcohol': ""u'none'"", 'GoodForKids': 'False', 'OutdoorSeating': 'True', 'HasTV': 'False', 'BusinessAcceptsCreditCards': 'True', 'RestaurantsGoodForGroups': 'True', 'BusinessParking': ""{'garage': False, 'street': False, 'validated': False, 'lot': False, 'valet': False}"", 'RestaurantsAttire': ""u'casual'"", 'RestaurantsPriceRange2': '1'}","Coffee & Tea, Creperies, Bakeries, Cafes, Food, Restaurants","{'Monday': '6:30-17:0', 'Tuesday': '6:30-17:0', 'Wednesday': '6:30-17:0', 'Thursday': '6:30-17:0', 'Friday': '6:30-17:0', 'Saturday': '6:30-17:0', 'Sunday': '6:30-17:0'}",Restaurants
UCmTG_e7I2a5dY_3qI6Jbg,Dunkin',1425 Locust St,Philadelphia,PA,19102,39.948588,-75.1658929,4.0,25,1,"{'BikeParking': 'True', 'GoodForKids': 'True', 'GoodForMeal': ""{'dessert': False, 'latenight': False, 'lunch': False, 'dinner': False, 'brunch': False, 'breakfast': False}"", 'RestaurantsAttire': ""'casual'"", 'OutdoorSeating': 'False', 'RestaurantsGoodForGroups': 'False', 'RestaurantsTakeOut': 'True', 'RestaurantsReservations': 'False', 'RestaurantsPriceRange2': '1', 'BusinessAcceptsCreditCards': 'True', 'Caters': 'False', 'BusinessParking': ""{'garage': True, 'street': False, 'validated': False, 'lot': False, 'valet': False}"", 'WiFi': ""'free'"", 'DriveThru': 'None', 'RestaurantsDelivery': 'True'}","Restaurants, Bagels, Food, Donuts, Coffee & Tea, Breakfast & Brunch","{'Monday': '4:30-23:0', 'Tuesday': '4:30-23:0', 'Wednesday': '4:30-23:0', 'Thursday': '4:30-23:0', 'Friday': '5:0-21:0', 'Saturday': '5:0-23:0', 'Sunday': '5:0-23:0'}",Restaurants
f_rRBei5W9-8wPSTzlvGYw,Village Kitchen,342 Queen St,Philadelphia,PA,19147,39.9374002,-75.1499642,3.0,8,0,"{'BusinessAcceptsCreditCards': 'True', 'RestaurantsPriceRange2': '2', 'RestaurantsGoodForGroups': 'False', 'RestaurantsTakeOut': 'True', 'Ambience': ""{'romantic': False, 'intimate': False, 'touristy': False, 'hipster': False, 'divey': False, 'classy': False, 'trendy': False, 'upscale': False, 'casual': True}"", 'NoiseLevel': ""u'quiet'"", 'Alcohol': ""u'none'"", 'RestaurantsDelivery': 'True', 'RestaurantsReservations': 'False', 'BusinessParking': ""{'garage': False, 'street': False, 'validated': False, 'lot': False, 'valet': False}"", 'RestaurantsAttire': ""u'casual'"", 'OutdoorSeating': 'False', 'GoodForKids': 'True', 'HasTV': 'True', 'WiFi': ""u'no'""}","Restaurants, Pizza",,Restaurants
mjqFs-VDCulkZLvPTW6Ddg,San Lucas Pizzeria,2000 S Bouvier St,Philadelphia,PA,19145,39.9262902,-75.1754459,4.5,27,1,"{'NoiseLevel': ""u'average'"", 'RestaurantsDelivery': 'True', 'OutdoorSeating': 'False', 'GoodForKids': 'True', 'WiFi': ""u'no'"", 'RestaurantsReservations': 'False', 'RestaurantsAttire': ""u'casual'"", 'BusinessAcceptsCreditCards': 'False', 'RestaurantsPriceRange2': '1', 'RestaurantsGoodForGroups': 'False', 'HasTV': 'True', 'BusinessParking': ""{'garage': False, 'street': True, 'validated': False, 'lot': False, 'valet': False}"", 'Ambience': ""{'touristy': False, 'hipster': False, 'romantic': False, 'divey': False, 'intimate': False, 'trendy': False, 'upscale': False, 'classy': False, 'casual': False}"", 'GoodForMeal': ""{'dessert': False, 'latenight': False, 'lunch': False, 'dinner': False, 'brunch': False, 'breakfast': False}"", 'RestaurantsTakeOut': 'True'}","Restaurants, Pizza, Cheesesteaks, Italian, Mexican","{'Monday': '11:0-23:0', 'Tuesday': '11:0-23:0', 'Wednesday': '11:0-23:0', 'Thursday': '11:0-23:0', 'Friday': '11:0-0:0', 'Saturday': '11:0-0:0', 'Sunday': '11:0-23:0'}",Restaurants
pL3JLFeUBSM42QRGSpjSyA,Sea Bar Restaurant,140 N 10th St,Philadelphia,PA,19107,39.9548114,-75.1563144,3.5,67,0,"{'RestaurantsTableService': 'True', 'RestaurantsDelivery': 'False', 'Caters': 'True', 'GoodForMeal': ""{'dessert': False, 'latenight': True, 'lunch': True, 'dinner': True, 'brunch': False, 'breakfast': False}"", 'RestaurantsReservations': 'True', 'WheelchairAccessible': 'True', 'HappyHour': 'True', 'WiFi': ""u'free'"", 'Ambience': ""{'romantic': False, 'intimate': False, 'classy': False, 'hipster': False, 'divey': False, 'touristy': False, 'trendy': False, 'upscale': False, 'casual': True}"", 'NoiseLevel': ""'average'"", 'BikeParking': 'True', 'Alcohol': ""'full_bar'"", 'BusinessAcceptsCreditCards': 'True', 'GoodForKids': 'True', 'OutdoorSeating': 'False', 'RestaurantsTakeOut': 'True', 'RestaurantsGoodForGroups': 'True', 'RestaurantsAttire': ""'casual'"", 'BusinessParking': ""{'garage': False, 'street': False, 'validated': False, 'lot': False, 'valet': False}"", 'HasTV': 'True', 'RestaurantsPriceRange2': '2'}","Restaurants, Seafood","{'Monday': '12:0-23:0', 'Tuesday': '12:0-23:0', 'Wednesday': '12:0-23:0', 'Thursday': '12:0-23:0', 'Friday': '12:0-0:0', 'Saturday': '12:0-0:0', 'Sunday': '12:0-22:0'}",Restaurants
KTl3dH_1t4PLts01K5WQeA,Granite Hill,2600 Benjamin Franklin Parkway,Philadelphia,PA,19130,39.9657459198,-75.1810451801,3.5,45,0,"{'RestaurantsGoodForGroups': 'True', 'RestaurantsTakeOut': 'False', 'BusinessAcceptsCreditCards': 'True', 'RestaurantsAttire': ""u'casual'"", 'Alcohol': ""u'full_bar'"", 'RestaurantsPriceRange2': '2', 'RestaurantsReservations': 'True', 'BusinessParking': ""{'garage': True, 'street': False, 'validated': False, 'lot': False, 'valet': False}"", 'OutdoorSeating': 'False', 'HasTV': 'False', 'NoiseLevel': ""u'quiet'"", 'GoodForKids': 'False', 'Ambience': ""{'romantic': False, 'intimate': False, 'touristy': False, 'hipster': False, 'divey': False, 'classy': True, 'trendy': False, 'upscale': False, 'casual': False}"", 'WiFi': ""u'free'"", 'Caters': 'True', 'BikeParking': 'True', 'RestaurantsDelivery': 'False'}","French, Restaurants, American (New)","{'Tuesday': '11:30-14:30', 'Wednesday': '11:30-14:30', 'Thursday': '11:30-14:30', 'Friday': '17:0-19:30', 'Saturday': '11:30-15:30', 'Sunday': '10:30-14:30'}",Restaurants
fDzEUces1P-phJMdEngLOw,PBR Philly,1100 Pattison Ave,Philadelphia,PA,19148,39.9042894,-75.1694047,3.0,42,1,"{'RestaurantsTakeOut': 'False', 'RestaurantsAttire': ""u'casual'"", 'RestaurantsDelivery': 'False', 'Alcohol': ""u'full_bar'"", 'Caters': 'False', 'HasTV': 'True', 'RestaurantsGoodForGroups': 'True', 'OutdoorSeating': 'True', 'GoodForKids': 'False', 'WiFi': ""u'free'"", 'BikeParking': 'True', 'NoiseLevel': ""u'very_loud'"", 'HappyHour': 'True', 'RestaurantsReservations': 'True', 'Music': ""{'dj': False, 'background_music': False, 'no_music': False, 'jukebox': False, 'live': False, 'video': False, 'karaoke': False}"", 'GoodForMeal': ""{'dessert': False, 'latenight': True, 'lunch': False, 'dinner': False, 'brunch': False, 'breakfast': False}"", 'BusinessParking': ""{'garage': False, 'street': False, 'validated': False, 'lot': True, 'valet': False}"", 'RestaurantsPriceRange2': '2', 'BusinessAcceptsCreditCards': 'True', 'Ambience': ""{'touristy': False, 'hipster': False, 'romantic': False, 'divey': False, 'intimate': False, 'trendy': False, 'upscale': False, 'classy': True, 'casual': False}""}","Food, American (New), Beer Bar, Bars, Tex-Mex, Nightlife, Restaurants","{'Monday': '16:0-2:0', 'Tuesday': '16:0-2:0', 'Wednesday': '16:0-2:0', 'Thursday': '16:0-2:0', 'Friday': '16:0-2:0', 'Saturday': '16:0-2:0', 'Sunday': '16:0-2:0'}",Restaurants
bMMf5bjTAT8LrwhE84ZuNw,Chipotle Mexican Grill,1512 Walnut St,Philadelphia,PA,19103,39.9495628765,-75.1666627067,3.5,115,1,"{'RestaurantsReservations': 'False', 'OutdoorSeating': 'False', 'BusinessParking': ""{'garage': False, 'street': True, 'validated': False, 'lot': False, 'valet': False}"", 'BikeParking': 'True', 'RestaurantsGoodForGroups': 'True', 'Caters': 'True', 'WiFi': ""'no'"", 'BusinessAcceptsCreditCards': 'True', 'Alcohol': ""u'none'"", 'RestaurantsPriceRange2': '1', 'GoodForMeal': ""{'dessert': False, 'latenight': False, 'lunch': True, 'dinner': True, 'brunch': False, 'breakfast': False}"", 'RestaurantsAttire': ""u'casual'"", 'NoiseLevel': ""'average'"", 'DogsAllowed': 'False', 'Ambience': ""{'touristy': False, 'hipster': False, 'romantic': False, 'divey': False, 'intimate': False, 'trendy': False, 'upscale': False, 'classy': True, 'casual': True}"", 'RestaurantsDelivery': 'True', 'HasTV': 'True', 'GoodForKids': 'True', 'RestaurantsTakeOut': 'True'}","Fast Food, Mexican, Restaurants, Food","{'Monday': '0:0-0:0', 'Tuesday': '10:45-22:0', 'Wednesday': '10:45-22:0', 'Thursday': '10:45-22:0', 'Friday': '10:45-22:0', 'Saturday': '10:45-22:0', 'Sunday': '10:45-22:0'}",Restaurants
V6Om7YZhlRQRU7WfuxHq8Q,Beck's Cajun Cafe,51 N 12th St,Philadelphia,PA,19107,39.9533224742,-75.1590000821,4.0,485,1,"{'OutdoorSeating': 'False', 'HasTV': 'False', 'GoodForKids': 'True', 'RestaurantsReservations': 'False', 'RestaurantsAttire': ""u'casual'"", 'BikeParking': 'True', 'Alcohol': ""u'none'"", 'NoiseLevel': ""u'average'"", 'RestaurantsTakeOut': 'True', 'RestaurantsPriceRange2': '1', 'WiFi': ""u'free'"", 'RestaurantsGoodForGroups': 'False', 'HappyHour': 'False', 'GoodForMeal': ""{'dessert': False, 'latenight': False, 'lunch': True, 'dinner': None, 'brunch': None, 'breakfast': None}"", 'BusinessParking': ""{'garage': True, 'street': True, 'validated': False, 'lot': False, 'valet': False}"", 'DogsAllowed': 'False', 'Caters': 'True', 'RestaurantsDelivery': 'True', 'BusinessAcceptsCreditCards': 'True', 'Ambience': ""{'touristy': None, 'hipster': False, 'romantic': False, 'divey': False, 'intimate': False, 'trendy': False, 'upscale': False, 'classy': False, 'casual': True}""}","Restaurants, Cajun/Creole","{'Monday': '8:0-18:0', 'Tuesday': '8:0-18:0', 'Wednesday': '8:0-18:0', 'Thursday': '8:0-18:0', 'Friday': '8:0-18:0', 'Saturday': '8:0-18:0', 'Sunday': '8:0-18:0'}",Restaurants
4-TKASCNK5-XBWdXmeXWbA,Wawa,1300  Chestnut St,Philadelphia,PA,19107,39.950533787,-75.1619937165,2.5,21,0,"{'GoodForKids': 'True', 'RestaurantsPriceRange2': '1', 'Ambience': ""{'touristy': False, 'hipster': False, 'romantic': False, 'divey': False, 'intimate': False, 'trendy': False, 'upscale': False, 'classy': False, 'casual': False}"", 'HasTV': 'True', 'BusinessAcceptsCreditCards': 'True', 'NoiseLevel': ""u'average'"", 'WiFi': ""u'free'"", 'RestaurantsTakeOut': 'None', 'RestaurantsDelivery': 'None', 'BusinessParking': ""{'garage': None, 'street': True, 'validated': False, 'lot': False, 'valet': False}"", 'GoodForMeal': ""{'dessert': False, 'latenight': False, 'lunch': False, 'dinner': False, 'brunch': False, 'breakfast': False}""}","Food, Coffee & Tea, Convenience Stores, Sandwiches, Restaurants","{'Monday': '0:0-0:0', 'Tuesday': '0:0-0:0', 'Wednesday': '0:0-0:0', 'Thursday': '0:0-0:0', 'Friday': '0:0-0:0', 'Saturday': '0:0-0:0', 'Sunday': '0:0-0:0'}",Restaurants
Vf7meUouR3TMU6OPMpbYtQ,Sofra,114 Chestnut St,Philadelphia,PA,19106,39.948182,-75.1431548,4.5,8,0,"{'BikeParking': 'True', 'Caters': 'False', 'RestaurantsDelivery': 'True', 'BYOB': 'False', 'BusinessAcceptsCreditCards': 'True', 'Alcohol': ""u'none'"", 'HasTV': 'False', 'WiFi': ""u'free'"", 'RestaurantsTableService': 'False', 'Corkage': 'False', 'OutdoorSeating': 'False', 'WheelchairAccessible': 'True', 'RestaurantsTakeOut': 'True'}","Restaurants, Middle Eastern","{'Monday': '12:0-20:0', 'Tuesday': '12:0-20:0', 'Wednesday': '12:0-20:0', 'Thursday': '10:0-22:0', 'Friday': '10:0-0:0', 'Saturday': '10:0-0:0', 'Sunday': '12:0-20:0'}",Restaurants
mf0OyZ6DX2iKUFIV9TqFRQ,Moriarty's Restaurant and Irish Pub,1116 Walnut St,Philadelphia,PA,19107,39.9485658,-75.1598508,3.5,629,1,"{'RestaurantsReservations': 'True', 'BusinessAcceptsCreditCards': 'True', 'Corkage': 'False', 'RestaurantsAttire': ""'casual'"", 'RestaurantsPriceRange2': '2', 'RestaurantsGoodForGroups': 'True', 'Caters': 'False', 'OutdoorSeating': 'True', 'Alcohol': ""'full_bar'"", 'RestaurantsTakeOut': 'True', 'WiFi': ""u'no'"", 'BYOBCorkage': ""'yes_free'"", 'HasTV': 'True', 'BikeParking': 'True', 'NoiseLevel': ""u'average'"", 'WheelchairAccessible': 'True', 'BestNights': ""{'monday': False, 'tuesday': False, 'friday': True, 'wednesday': False, 'thursday': True, 'sunday': False, 'saturday': True}"", 'GoodForKids': 'True', 'Music': ""{'dj': False, 'background_music': False, 'no_music': False, 'jukebox': False, 'live': False, 'video': False, 'karaoke': False}"", 'GoodForDancing': 'False', 'BusinessParking': ""{u'valet': False, u'garage': True, u'street': True, u'lot': False, u'validated': False}"", 'Smoking': ""u'no'"", 'GoodForMeal': ""{'dessert': False, 'latenight': True, 'lunch': True, 'dinner': True, 'brunch': False, 'breakfast': False}"", 'RestaurantsTableService': 'True', 'Ambience': ""{'touristy': False, 'hipster': False, 'romantic': False, 'divey': False, 'intimate': False, 'trendy': False, 'upscale': False, 'classy': True, 'casual': True}"", 'CoatCheck': 'False', 'RestaurantsDelivery': 'True', 'HappyHour': 'True'}","Bars, Burgers, Chicken Wings, Restaurants, Pubs, Nightlife, American (Traditional), Irish","{'Monday': '0:0-0:0', 'Tuesday': '11:0-2:0', 'Wednesday': '11:0-2:0', 'Thursday': '11:0-2:0', 'Friday': '11:0-2:0', 'Saturday': '11:0-2:0', 'Sunday': '12:0-2:0'}",Restaurants
AvdhZ3RgY3xJbW-JMACcMg,J C Chinese Restaurant,1701 S 8th St,Philadelphia,PA,19148,39.9277438,-75.1585739,2.0,53,0,"{'RestaurantsPriceRange2': '2', 'BusinessAcceptsCreditCards': 'True', 'Alcohol': ""u'beer_and_wine'"", 'RestaurantsAttire': ""u'casual'"", 'RestaurantsDelivery': 'True', 'BusinessParking': ""{'garage': False, 'street': True, 'validated': False, 'lot': False, 'valet': False}"", 'RestaurantsTakeOut': 'True', 'RestaurantsGoodForGroups': 'False', 'OutdoorSeating': 'False', 'GoodForKids': 'False', 'RestaurantsReservations': 'False', 'Caters': 'False', 'NoiseLevel': ""u'quiet'"", 'WiFi': ""'no'"", 'BikeParking': 'True', 'HasTV': 'True', 'Ambience': ""{'touristy': False, 'hipster': False, 'romantic': False, 'divey': None, 'intimate': False, 'trendy': False, 'upscale': False, 'classy': False, 'casual': True}""}","Restaurants, Chinese","{'Monday': '12:0-1:0', 'Tuesday': '12:0-1:0', 'Wednesday': '12:0-1:0', 'Thursday': '12:0-1:0', 'Friday': '12:0-1:0', 'Saturday': '12:0-1:0', 'Sunday': '12:0-1:0'}",Restaurants
E-DcL1u330qwvoxXhipmUQ,George's Sandwich Shop,900 S 9th St,Philadelphia,PA,19147,39.9388315986,-75.1579846257,4.0,93,1,"{'BikeParking': 'True', 'NoiseLevel': ""u'average'"", 'BusinessAcceptsCreditCards': 'False', 'RestaurantsReservations': 'False', 'RestaurantsTakeOut': 'True', 'RestaurantsPriceRange2': '1', 'RestaurantsAttire': ""u'casual'"", 'GoodForKids': 'True', 'OutdoorSeating': 'True', 'Alcohol': ""u'none'"", 'HasTV': 'True', 'RestaurantsGoodForGroups': 'False', 'Caters': 'False', 'BusinessParking': ""{'garage': False, 'street': True, 'validated': False, 'lot': False, 'valet': False}"", 'RestaurantsDelivery': 'True', 'GoodForMeal': ""{'dessert': False, 'latenight': False, 'lunch': True, 'dinner': False, 'brunch': False, 'breakfast': False}"", 'WiFi': ""u'no'"", 'Ambience': ""{'touristy': False, 'hipster': False, 'romantic': False, 'divey': None, 'intimate': False, 'trendy': False, 'upscale': False, 'classy': False, 'casual': True}""}","Italian, Cheesesteaks, Restaurants, Sandwiches","{'Monday': '8:0-17:0', 'Tuesday': '8:0-17:0', 'Wednesday': '8:0-17:0', 'Thursday': '8:0-17:0', 'Friday': '8:0-17:0'}",Restaurants
av2DTCAtrbQr8p18e0e0Cw,Wendy's Deli,2312 S 7th St,Philadelphia,PA,19148,39.9200716,-75.159003,4.0,7,1,"{'RestaurantsPriceRange2': '1', 'RestaurantsDelivery': 'True', 'BusinessAcceptsCreditCards': 'True', 'RestaurantsTakeOut': 'True', 'RestaurantsAttire': ""u'casual'"", 'NoiseLevel': ""u'average'"", 'BusinessParking': ""{'garage': False, 'street': False, 'validated': False, 'lot': False, 'valet': False}"", 'RestaurantsGoodForGroups': 'True', 'Alcohol': ""u'none'"", 'GoodForKids': 'True', 'Ambience': ""{'romantic': False, 'intimate': False, 'classy': False, 'hipster': False, 'divey': False, 'touristy': False, 'trendy': False, 'upscale': False, 'casual': False}"", 'RestaurantsReservations': 'False', 'GoodForMeal': ""{'dessert': False, 'latenight': False, 'lunch': False, 'dinner': False, 'brunch': False, 'breakfast': False}""}","Delis, Food, Restaurants, Mexican","{'Monday': '10:0-22:0', 'Tuesday': '10:0-22:0', 'Wednesday': '10:0-22:0', 'Thursday': '10:0-22:0', 'Friday': '10:0-22:0', 'Saturday': '10:0-22:0', 'Sunday': '10:0-22:0'}",Restaurants
bx0nZZkoTtYJUineqQicqQ,SoWe Bar & Kitchen,918 S 22nd St,Philadelphia,PA,19146,39.940805,-75.179773,3.5,67,0,"{'RestaurantsPriceRange2': '2', 'Alcohol': ""u'full_bar'"", 'OutdoorSeating': 'True', 'RestaurantsAttire': ""u'casual'"", 'GoodForKids': 'False', 'RestaurantsReservations': 'True', 'BusinessAcceptsCreditCards': 'True', 'BusinessParking': ""{'garage': False, 'street': True, 'validated': False, 'lot': False, 'valet': False}"", 'Ambience': ""{'romantic': False, 'intimate': False, 'touristy': False, 'hipster': False, 'divey': False, 'classy': False, 'trendy': False, 'upscale': False, 'casual': True}"", 'WiFi': ""u'free'"", 'RestaurantsTakeOut': 'True', 'RestaurantsGoodForGroups': 'True', 'HasTV': 'True', 'NoiseLevel': ""u'average'"", 'Caters': 'True', 'RestaurantsDelivery': 'False'}","Bars, Diners, Nightlife, American (New), Restaurants","{'Monday': '16:0-1:0', 'Tuesday': '16:0-1:0', 'Wednesday': '16:0-1:0', 'Thursday': '16:0-1:0', 'Friday': '11:30-1:0', 'Saturday': '10:0-1:0', 'Sunday': '10:0-1:0'}",Restaurants
M-7oMEiSskwElF4PRh5UKg,Smokes Poutinerie,411 South St,Philadelphia,PA,19147,39.9418027,-75.1495444,4.0,47,0,"{'Caters': 'True', 'GoodForMeal': ""{'dessert': False, 'latenight': True, 'lunch': True, 'dinner': True, 'brunch': False, 'breakfast': False}"", 'RestaurantsTakeOut': 'True', 'RestaurantsDelivery': 'False', 'BusinessParking': ""{'garage': False, 'street': True, 'validated': False, 'lot': False, 'valet': False}"", 'BusinessAcceptsCreditCards': 'True', 'Alcohol': ""'none'"", 'RestaurantsTableService': 'False', 'NoiseLevel': ""u'average'"", 'BikeParking': 'True', 'HasTV': 'False', 'OutdoorSeating': 'False', 'RestaurantsReservations': 'False', 'GoodForKids': 'True', 'RestaurantsAttire': ""u'casual'"", 'WiFi': ""'free'"", 'RestaurantsGoodForGroups': 'True', 'Ambience': ""{'touristy': True, 'hipster': False, 'romantic': False, 'divey': False, 'intimate': False, 'trendy': True, 'upscale': False, 'classy': False, 'casual': True}"", 'RestaurantsPriceRange2': '1'}","Restaurants, Chicken Shop, American (Traditional), Poutineries","{'Monday': '12:0-21:0', 'Tuesday': '12:0-21:0', 'Wednesday': '12:0-21:0', 'Thursday': '12:0-21:0', 'Friday': '12:0-0:0', 'Saturday': '12:0-0:0', 'Sunday': '12:0-21:0'}",Restaurants
bOiqEaLdZwy1ISul-xXMig,La Fuente Pizzateria,517 S St,Philadelphia,PA,19147,39.936529,-75.155448,4.0,34,0,"{'RestaurantsReservations': 'True', 'GoodForKids': 'True', 'Alcohol': ""u'none'"", 'BusinessAcceptsCreditCards': 'True', 'RestaurantsDelivery': 'True', 'RestaurantsAttire': ""u'casual'"", 'WiFi': ""u'no'"", 'HasTV': 'True', 'RestaurantsTakeOut': 'True', 'Caters': 'True', 'RestaurantsGoodForGroups': 'True', 'RestaurantsPriceRange2': '2', 'BusinessParking': ""{'garage': False, 'street': True, 'validated': False, 'lot': False, 'valet': False}"", 'Ambience': ""{'romantic': False, 'intimate': False, 'touristy': False, 'hipster': False, 'divey': False, 'classy': False, 'trendy': False, 'upscale': False, 'casual': True}"", 'OutdoorSeating': 'True', 'GoodForMeal': ""{'dessert': False, 'latenight': False, 'lunch': False, 'dinner': True, 'brunch': False, 'breakfast': False}"", 'NoiseLevel': ""u'average'""}","Restaurants, Pizza, Italian","{'Monday': '9:0-22:0', 'Tuesday': '9:0-22:0', 'Wednesday': '9:0-22:0', 'Thursday': '9:0-22:0', 'Friday': '9:0-23:0', 'Saturday': '9:0-23:0', 'Sunday': '9:0-22:0'}",Restaurants
l8VedGQFMLtTz2zRmpTlxA,Hardena/Waroeng Surabaya Restaurant,1754 S Hicks St,Philadelphia,PA,19145,39.9284359,-75.1712655,4.5,383,1,"{'RestaurantsGoodForGroups': 'True', 'BusinessParking': ""{'garage': False, 'street': True, 'validated': False, 'lot': False, 'valet': False}"", 'RestaurantsTakeOut': 'True', 'RestaurantsAttire': ""'casual'"", 'BusinessAcceptsCreditCards': 'True', 'RestaurantsPriceRange2': '1', 'WiFi': ""u'no'"", 'GoodForKids': 'True', 'RestaurantsReservations': 'False', 'Alcohol': ""'none'"", 'NoiseLevel': ""u'quiet'"", 'BikeParking': 'True', 'Caters': 'False', 'BYOBCorkage': ""u'yes_free'"", 'HasTV': 'True', 'RestaurantsDelivery': 'None', 'GoodForMeal': ""{'dessert': False, 'latenight': False, 'lunch': True, 'dinner': True, 'brunch': False, 'breakfast': False}"", 'OutdoorSeating': 'None', 'Ambience': ""{'touristy': False, 'hipster': False, 'romantic': False, 'divey': False, 'intimate': False, 'trendy': False, 'upscale': False, 'classy': True, 'casual': True}"", 'HappyHour': 'False'}","Indonesian, Singaporean, Restaurants, Asian Fusion, Specialty Food, Food, Ethnic Food","{'Wednesday': '12:0-20:0', 'Thursday': '12:0-20:0', 'Friday': '12:0-20:0', 'Saturday': '12:0-20:0', 'Sunday': '12:0-20:0'}",Restaurants
1nXNyhtAS2y-e4O14LJBRQ,Bimini Juice Bar,"1815 John F Kennedy Blvd, Fl 1",Philadelphia,PA,19103,39.9544535,-75.1704118,4.0,13,0,"{'RestaurantsTakeOut': 'True', 'OutdoorSeating': 'True', 'WiFi': ""u'free'"", 'GoodForMeal': ""{'dessert': False, 'latenight': False, 'lunch': False, 'dinner': False, 'brunch': False, 'breakfast': False}"", 'HasTV': 'True', 'BusinessParking': ""{'garage': True, 'street': True, 'validated': False, 'lot': False, 'valet': False}"", 'WheelchairAccessible': 'True', 'Ambience': ""{'touristy': False, 'hipster': False, 'romantic': False, 'divey': False, 'intimate': False, 'trendy': False, 'upscale': False, 'classy': False, 'casual': False}"", 'Alcohol': ""u'none'"", 'RestaurantsDelivery': 'False', 'BusinessAcceptsCreditCards': 'True'}","Wraps, Coffee & Tea, Salad, Restaurants, Juice Bars & Smoothies, Food","{'Monday': '0:0-0:0', 'Tuesday': '8:0-15:0', 'Wednesday': '7:0-18:0', 'Thursday': '7:0-18:0', 'Friday': '7:0-18:0', 'Saturday': '9:0-17:0'}",Restaurants
7EIvsWIjK5EXhu-XURuTRA,Malone's Back Room Cafe,1739 Ritner St,Philadelphia,PA,19145,39.9216198,-75.1767548,4.0,6,0,"{'HasTV': 'True', 'Ambience': ""{'romantic': False, 'intimate': False, 'touristy': False, 'hipster': False, 'divey': False, 'classy': False, 'trendy': False, 'upscale': False, 'casual': False}"", 'RestaurantsAttire': ""u'casual'"", 'NoiseLevel': ""u'average'"", 'RestaurantsPriceRange2': '2'}","Restaurants, Italian, Local Flavor","{'Tuesday': '16:0-23:0', 'Wednesday': '16:0-23:0', 'Thursday': '16:0-23:0', 'Friday': '16:0-23:0', 'Saturday': '16:0-23:0', 'Sunday': '16:0-23:0'}",Restaurants
Xcbl8kRa45Bb2tkvHSXd3Q,Mandalay Bowl,627 South St,Philadelphia,PA,19147,39.9422847,-75.1532384,4.0,5,0,"{'DogsAllowed': 'True', 'RestaurantsDelivery': 'None', 'RestaurantsTakeOut': 'True'}","Salad, Asian Fusion, Restaurants","{'Monday': '16:0-21:0', 'Tuesday': '16:0-21:0', 'Wednesday': '16:0-21:0', 'Thursday': '11:0-21:0', 'Friday': '11:0-21:0', 'Saturday': '11:0-21:0', 'Sunday': '11:0-21:0'}",Restaurants
F7FYN-nZ_Vb4o2oaPJjr-A,The Bistro,1001 Intrepid Ave,Philadelphia,PA,19112,39.894345,-75.175177,3.0,6,1,"{'BusinessParking': ""{'garage': False, 'street': False, 'validated': False, 'lot': False, 'valet': False}"", 'RestaurantsPriceRange2': '2', 'GoodForKids': 'False', 'GoodForMeal': ""{'dessert': False, 'latenight': False, 'lunch': False, 'dinner': False, 'breakfast': False, 'brunch': False}"", 'BusinessAcceptsCreditCards': 'True', 'RestaurantsTakeOut': 'True', 'Ambience': ""{'romantic': False, 'intimate': False, 'classy': False, 'hipster': False, 'divey': False, 'touristy': False, 'trendy': False, 'upscale': False, 'casual': False}"", 'HasTV': 'True', 'RestaurantsAttire': ""u'casual'"", 'RestaurantsGoodForGroups': 'True', 'RestaurantsTableService': 'False', 'NoiseLevel': ""u'average'"", 'WiFi': ""'free'"", 'OutdoorSeating': 'True', 'RestaurantsDelivery': 'False', 'RestaurantsReservations': 'False'}","Food, Cafes, American (New), Restaurants",,Restaurants
HPqTJ_yF2ZJw87yHWnSzSg,City Tavern Restaurant,138 S 2nd St,Philadelphia,PA,19106,39.9471427567,-75.1445095605,4.0,841,0,"{'BusinessAcceptsCreditCards': 'True', 'RestaurantsPriceRange2': '2', 'BusinessAcceptsBitcoin': 'False', 'RestaurantsAttire': ""u'casual'"", 'BusinessParking': ""{'garage': True, 'street': True, 'validated': False, 'lot': False, 'valet': False}"", 'RestaurantsGoodForGroups': 'True', 'Caters': 'False', 'NoiseLevel': ""u'average'"", 'GoodForKids': 'True', 'RestaurantsReservations': 'True', 'OutdoorSeating': 'True', 'Alcohol': ""'full_bar'"", 'WiFi': ""u'no'"", 'BestNights': ""{'monday': True, 'tuesday': False, 'friday': False, 'wednesday': False, 'thursday': False, 'sunday': False, 'saturday': False}"", 'Smoking': ""u'no'"", 'RestaurantsTakeOut': 'None', 'HappyHour': 'False', 'HasTV': 'False', 'Music': ""{'dj': False, 'background_music': True, 'no_music': False, 'jukebox': False, 'live': False, 'video': False, 'karaoke': False}"", 'DogsAllowed': 'False', 'Ambience': ""{'touristy': True, 'hipster': False, 'romantic': False, 'divey': False, 'intimate': False, 'trendy': False, 'upscale': False, 'classy': True, 'casual': False}"", 'GoodForDancing': 'False', 'RestaurantsDelivery': 'None', 'GoodForMeal': ""{'dessert': None, 'latenight': False, 'lunch': True, 'dinner': True, 'brunch': False, 'breakfast': False}"", 'CoatCheck': 'False', 'BikeParking': 'True'}","Pubs, Restaurants, Event Planning & Services, Desserts, Food, Comfort Food, American (Traditional), Nightlife, Bars, Venues & Event Spaces, Italian, American (New)","{'Monday': '0:0-0:0', 'Tuesday': '15:0-21:0', 'Wednesday': '15:0-21:0', 'Thursday': '15:0-21:0', 'Friday': '15:0-21:0', 'Saturday': '11:30-21:0', 'Sunday': '11:30-21:0'}",Restaurants
hAcBP6zU9qAs6o3cbUW6MA,bāo•logy,1829 John F Kennedy Blvd,Philadelphia,PA,19103,39.9545598054,-75.1705203793,4.0,183,1,"{'GoodForKids': 'True', 'RestaurantsTakeOut': 'True', 'RestaurantsTableService': 'False', 'HappyHour': 'False', 'BikeParking': 'True', 'BusinessAcceptsCreditCards': 'True', 'BusinessAcceptsBitcoin': 'False', 'Caters': 'True', 'RestaurantsReservations': 'False', 'WheelchairAccessible': 'True', 'RestaurantsGoodForGroups': 'True', 'RestaurantsPriceRange2': '2', 'RestaurantsAttire': ""u'casual'"", 'HasTV': 'False', 'DogsAllowed': 'False', 'Ambience': ""{'touristy': False, 'hipster': None, 'romantic': False, 'divey': False, 'intimate': False, 'trendy': None, 'upscale': False, 'classy': False, 'casual': True}"", 'Alcohol': ""u'none'"", 'WiFi': ""u'no'"", 'RestaurantsDelivery': 'True', 'GoodForMeal': ""{'dessert': False, 'latenight': False, 'lunch': True, 'dinner': None, 'brunch': False, 'breakfast': False}"", 'BYOB': 'True', 'ByAppointmentOnly': 'False', 'OutdoorSeating': 'True', 'BusinessParking': ""{'garage': False, 'street': True, 'validated': False, 'lot': False, 'valet': False}"", 'NoiseLevel': ""u'average'""}","Food, Restaurants, Taiwanese, Street Vendors","{'Monday': '0:0-0:0', 'Tuesday': '12:0-20:0', 'Wednesday': '12:0-20:0', 'Thursday': '12:0-20:0', 'Friday': '12:0-20:0'}",Restaurants
dK8PxVPdj8qivBNiLE79Ag,Char Kol,1525 Sansom St,Philadelphia,PA,19102,39.9505301,-75.1668181,2.5,20,0,"{'RestaurantsTakeOut': 'False', 'OutdoorSeating': 'True', 'RestaurantsDelivery': 'False', 'HasTV': 'True'}","Pop-Up Restaurants, Chicken Wings, Barbeque, Korean, Restaurants","{'Tuesday': '16:0-22:0', 'Wednesday': '16:0-22:0', 'Thursday': '16:0-22:0', 'Friday': '16:0-23:0', 'Saturday': '16:0-23:0'}",Restaurants
QgDsoMYcLcVcBQ3UgVay4A,Crisp Kitchen,"1900 Market St, Ste 100",Philadelphia,PA,19103,39.9532599,-75.172695,3.0,52,1,"{'HasTV': 'False', 'Alcohol': ""u'none'"", 'NoiseLevel': ""u'quiet'"", 'BikeParking': 'False', 'WheelchairAccessible': 'True', 'GoodForMeal': ""{'dessert': False, 'latenight': False, 'lunch': True, 'dinner': False, 'brunch': False, 'breakfast': False}"", 'WiFi': ""'no'"", 'BusinessAcceptsBitcoin': 'False', 'RestaurantsPriceRange2': '2', 'RestaurantsAttire': ""u'casual'"", 'RestaurantsTakeOut': 'True', 'OutdoorSeating': 'None', 'GoodForKids': 'True', 'RestaurantsTableService': 'False', 'DriveThru': 'False', 'RestaurantsGoodForGroups': 'True', 'RestaurantsDelivery': 'True', 'BusinessAcceptsCreditCards': 'True', 'BusinessParking': ""{'garage': False, 'street': False, 'validated': False, 'lot': False, 'valet': False}"", 'Ambience': ""{'touristy': False, 'hipster': False, 'romantic': False, 'divey': False, 'intimate': False, 'trendy': False, 'upscale': False, 'classy': False, 'casual': True}"", 'RestaurantsReservations': 'False'}","Salad, Chinese, Food, Ice Cream & Frozen Yogurt, Fast Food, Restaurants","{'Monday': '0:0-0:0', 'Tuesday': '8:0-17:0', 'Wednesday': '8:0-17:0', 'Thursday': '8:0-17:0', 'Friday': '8:0-17:0'}",Restaurants
9kFMEa74Y79PKFGVO7dIPQ,Vista Peru,20 S 2nd St,Philadelphia,PA,19106,39.9494184,-75.1439592,4.0,193,1,"{'RestaurantsGoodForGroups': 'True', 'WheelchairAccessible': 'True', 'OutdoorSeating': 'False', 'Smoking': ""u'no'"", 'HasTV': 'False', 'GoodForMeal': ""{'dessert': None, 'latenight': True, 'lunch': None, 'dinner': True, 'brunch': None, 'breakfast': None}"", 'BusinessParking': ""{'garage': False, 'street': True, 'validated': False, 'lot': False, 'valet': False}"", 'ByAppointmentOnly': 'False', 'RestaurantsPriceRange2': '2', 'RestaurantsTakeOut': 'True', 'GoodForDancing': 'False', 'GoodForKids': 'True', 'HappyHour': 'True', 'WiFi': ""u'free'"", 'RestaurantsAttire': ""'casual'"", 'BusinessAcceptsCreditCards': 'True', 'RestaurantsTableService': 'True', 'RestaurantsReservations': 'True', 'Ambience': ""{'touristy': False, 'hipster': False, 'romantic': True, 'divey': False, 'intimate': True, 'trendy': False, 'upscale': True, 'classy': True, 'casual': True}"", 'BikeParking': 'True', 'BestNights': ""{'monday': False, 'tuesday': False, 'friday': True, 'wednesday': True, 'thursday': False, 'sunday': False, 'saturday': False}"", 'CoatCheck': 'True', 'Alcohol': ""u'full_bar'"", 'Music': ""{'dj': False, 'background_music': False, 'no_music': False, 'jukebox': None, 'live': False, 'video': False, 'karaoke': None}"", 'Caters': 'False', 'RestaurantsDelivery': 'True'}","Peruvian, Nightlife, Bars, Cocktail Bars, Wine Bars, Restaurants","{'Monday': '0:0-0:0', 'Tuesday': '11:0-16:0', 'Thursday': '14:0-23:0', 'Friday': '12:0-23:0', 'Saturday': '12:0-23:0', 'Sunday': '12:0-23:0'}",Restaurants
2XHBmfcPgVBNY2QVDYKUZg,Sabroso+Sorbo,21 North Juniper St,Philadelphia,PA,19107,39.953016,-75.161808,4.0,15,1,"{'OutdoorSeating': 'False', 'HasTV': 'True', 'BusinessAcceptsCreditCards': 'True', 'RestaurantsReservations': 'True', 'WheelchairAccessible': 'True', 'RestaurantsTableService': 'True', 'DogsAllowed': 'False', 'RestaurantsGoodForGroups': 'True', 'NoiseLevel': ""u'average'"", 'RestaurantsDelivery': 'True', 'Ambience': ""{'touristy': False, 'hipster': False, 'romantic': False, 'divey': False, 'intimate': False, 'trendy': False, 'upscale': False, 'classy': True, 'casual': False}"", 'BusinessAcceptsBitcoin': 'False', 'WiFi': ""u'free'"", 'RestaurantsTakeOut': 'True', 'Alcohol': ""u'full_bar'""}","Tapas Bars, Spanish, Tapas/Small Plates, Restaurants","{'Monday': '6:30-23:0', 'Tuesday': '6:30-23:0', 'Wednesday': '6:30-23:0', 'Thursday': '6:30-23:0', 'Friday': '6:30-23:0', 'Saturday': '6:30-23:0', 'Sunday': '6:30-23:0'}",Restaurants
3f-acmwXPLnVd2UKfnk1xg,For Pete's Sake,900 S Front St,Philadelphia,PA,19147,39.9354888,-75.1454078,4.0,187,1,"{'WiFi': ""u'free'"", 'BusinessAcceptsCreditCards': 'True', 'OutdoorSeating': 'True', 'RestaurantsTakeOut': 'True', 'RestaurantsPriceRange2': '2', 'BusinessParking': ""{'garage': False, 'street': True, 'validated': False, 'lot': False, 'valet': False}"", 'RestaurantsAttire': ""'casual'"", 'HasTV': 'True', 'Alcohol': ""'full_bar'"", 'RestaurantsGoodForGroups': 'True', 'Ambience': ""{'romantic': False, 'intimate': False, 'touristy': False, 'hipster': False, 'divey': False, 'classy': False, 'trendy': False, 'upscale': False, 'casual': True}"", 'BestNights': ""{'monday': False, 'tuesday': False, 'friday': True, 'wednesday': False, 'thursday': True, 'sunday': True, 'saturday': False}"", 'RestaurantsTableService': 'True', 'GoodForKids': 'True', 'BikeParking': 'True', 'Music': ""{'dj': False, 'background_music': False, 'no_music': False, 'jukebox': None, 'live': False, 'video': False, 'karaoke': False}"", 'Caters': 'False', 'RestaurantsReservations': 'True', 'GoodForMeal': ""{'dessert': False, 'latenight': None, 'lunch': None, 'dinner': True, 'brunch': None, 'breakfast': False}"", 'RestaurantsDelivery': 'True', 'NoiseLevel': ""u'loud'""}","Restaurants, Bars, Nightlife, Pubs, American (Traditional)","{'Monday': '11:0-2:0', 'Tuesday': '12:0-20:0', 'Wednesday': '12:0-20:0', 'Thursday': '16:0-20:0', 'Friday': '12:0-21:0', 'Saturday': '12:0-21:0', 'Sunday': '12:0-21:0'}",Restaurants
J14P8Bo0yDYYXyASbht5xQ,Huff & Puff BBQ,246 S 11th St,Philadelphia,PA,19107,39.9472278303,-75.1594518498,4.5,24,1,"{'RestaurantsTakeOut': 'True', 'Ambience': ""{u'divey': None, u'hipster': None, u'casual': None, u'touristy': None, u'trendy': None, u'intimate': None, u'romantic': False, u'classy': None, u'upscale': None}"", 'RestaurantsDelivery': 'True'}","Barbeque, Restaurants","{'Monday': '10:0-20:0', 'Tuesday': '10:0-20:0', 'Thursday': '10:0-20:0', 'Friday': '10:0-21:0', 'Saturday': '10:0-21:0', 'Sunday': '10:0-20:0'}",Restaurants
cAgokhC70lhtn5jyyM8enA,Baklava Cafe,627 South St,Philadelphia,PA,19147,39.9422703,-75.1533299,3.5,42,0,"{'BusinessAcceptsCreditCards': 'True', 'RestaurantsGoodForGroups': 'True', 'Caters': 'True', 'RestaurantsReservations': 'False', 'BusinessParking': ""{'garage': False, 'street': True, 'validated': False, 'lot': False, 'valet': False}"", 'WiFi': ""u'free'"", 'RestaurantsDelivery': 'True', 'HasTV': 'True', 'RestaurantsTakeOut': 'True', 'GoodForKids': 'True', 'NoiseLevel': ""u'quiet'"", 'OutdoorSeating': 'True', 'RestaurantsPriceRange2': '1', 'Ambience': ""{'romantic': False, 'intimate': False, 'touristy': False, 'hipster': False, 'divey': False, 'classy': False, 'trendy': False, 'upscale': False, 'casual': True}"", 'RestaurantsAttire': ""u'casual'"", 'Alcohol': ""u'none'""}","Desserts, Restaurants, Mediterranean, Food, Ethiopian, Bakeries, Middle Eastern, Fast Food, Cafes","{'Monday': '10:0-18:0', 'Tuesday': '10:0-22:0', 'Wednesday': '10:0-22:0', 'Thursday': '10:0-22:0', 'Friday': '10:0-23:0', 'Saturday': '10:0-23:0', 'Sunday': '10:0-22:0'}",Restaurants
9ciFIt5951W-InCyYqs0CQ,Cucina Forte,768 S 8th St,Philadelphia,PA,19147,39.9397045,-75.1562596,4.0,140,0,"{'RestaurantsGoodForGroups': 'True', 'OutdoorSeating': 'False', 'Caters': 'True', 'RestaurantsPriceRange2': '2', 'NoiseLevel': ""u'average'"", 'BusinessAcceptsCreditCards': 'True', 'BikeParking': 'True', 'RestaurantsReservations': 'True', 'RestaurantsAttire': ""'casual'"", 'HasTV': 'False', 'RestaurantsTakeOut': 'True', 'BusinessParking': ""{'garage': False, 'street': True, 'validated': False, 'lot': False, 'valet': False}"", 'Alcohol': ""'none'"", 'GoodForMeal': ""{'dessert': False, 'latenight': False, 'lunch': False, 'dinner': True, 'brunch': False, 'breakfast': False}"", 'WiFi': ""u'free'"", 'GoodForKids': 'False', 'Ambience': ""{'touristy': False, 'hipster': False, 'romantic': False, 'divey': False, 'intimate': False, 'trendy': False, 'upscale': False, 'classy': True, 'casual': True}"", 'RestaurantsDelivery': 'True'}","Restaurants, Italian","{'Tuesday': '17:0-21:0', 'Wednesday': '16:0-22:0', 'Thursday': '17:0-21:0', 'Friday': '17:0-22:0', 'Saturday': '17:0-22:0', 'Sunday': '16:30-21:30'}",Restaurants
Z5b1Me1YBZGQAxIx62vmqg,So Crepe,1506 South St,Philadelphia,PA,19146,39.9438333,-75.1675337,4.5,267,0,"{'GoodForKids': 'True', 'RestaurantsAttire': ""u'casual'"", 'RestaurantsGoodForGroups': 'True', 'Caters': 'False', 'OutdoorSeating': 'True', 'HasTV': 'False', 'BikeParking': 'True', 'BusinessAcceptsCreditCards': 'True', 'WiFi': ""u'free'"", 'Alcohol': ""u'none'"", 'BusinessParking': ""{'garage': False, 'street': True, 'validated': False, 'lot': False, 'valet': False}"", 'NoiseLevel': ""'average'"", 'RestaurantsTakeOut': 'True', 'Ambience': ""{'romantic': False, 'intimate': False, 'touristy': False, 'hipster': False, 'divey': False, 'classy': False, 'trendy': False, 'upscale': False, 'casual': True}"", 'RestaurantsReservations': 'True', 'RestaurantsDelivery': 'True', 'RestaurantsPriceRange2': '1', 'GoodForMeal': ""{'dessert': False, 'latenight': False, 'lunch': True, 'dinner': False, 'brunch': True, 'breakfast': False}""}","Gluten-Free, Creperies, Breakfast & Brunch, Ethnic Food, Specialty Food, Coffee & Tea, Restaurants, Food, French","{'Monday': '11:0-21:0', 'Tuesday': '11:0-21:0', 'Wednesday': '11:0-21:0', 'Thursday': '11:0-21:0', 'Friday': '11:0-22:0', 'Saturday': '11:0-22:0', 'Sunday': '10:30-15:0'}",Restaurants
UtibXZzwJekiDzwys4I19A,Naked Lunch,34 S 11th St,Philadelphia,PA,19107,39.9508908,-75.1587593,3.5,19,1,"{'Caters': 'False', 'DogsAllowed': 'False', 'RestaurantsTakeOut': 'True', 'RestaurantsDelivery': 'False', 'BikeParking': 'True', 'Alcohol': ""'beer_and_wine'"", 'WheelchairAccessible': 'True', 'RestaurantsPriceRange2': '1', 'BusinessAcceptsCreditCards': 'True', 'BusinessParking': ""{'garage': False, 'street': False, 'validated': False, 'lot': True, 'valet': False}""}","Restaurants, Organic Stores, Food, Vegan, Grocery, Juice Bars & Smoothies, Vegetarian, Salad, Sandwiches","{'Monday': '0:0-0:0', 'Tuesday': '11:0-18:0', 'Wednesday': '11:0-18:0', 'Thursday': '11:0-18:0', 'Friday': '11:0-18:0', 'Saturday': '11:0-18:0', 'Sunday': '11:0-18:0'}",Restaurants
Qlh5vIweMlTk9ld6_V-ywg,Pho Le,1620 W Passyunk Ave,Philadelphia,PA,19145,39.9247139,-75.1737567,2.0,5,0,"{'OutdoorSeating': 'False', 'BusinessParking': ""{'garage': False, 'street': False, 'validated': False, 'lot': False, 'valet': False}"", 'WiFi': ""u'no'"", 'RestaurantsAttire': ""u'casual'"", 'RestaurantsTakeOut': 'True', 'Alcohol': ""u'none'"", 'GoodForKids': 'False', 'RestaurantsReservations': 'False', 'NoiseLevel': ""u'average'"", 'Ambience': ""{'romantic': False, 'intimate': False, 'classy': False, 'hipster': False, 'divey': False, 'touristy': False, 'trendy': False, 'upscale': False, 'casual': False}"", 'RestaurantsGoodForGroups': 'False', 'RestaurantsDelivery': 'True', 'RestaurantsPriceRange2': '1'}","Restaurants, Vietnamese","{'Monday': '8:0-17:0', 'Tuesday': '8:0-17:0', 'Wednesday': '8:0-17:0', 'Thursday': '8:0-17:0', 'Friday': '8:0-17:0', 'Saturday': '8:0-17:0'}",Restaurants
Zxr0o83EgGQcf6wnS7dUXw,Jin House,1117 Locust St,Philadelphia,PA,19107,39.9478229,-75.1600295,3.0,76,0,"{'HasTV': 'False', 'RestaurantsGoodForGroups': 'True', 'RestaurantsReservations': 'False', 'BusinessAcceptsCreditCards': 'True', 'Alcohol': ""u'none'"", 'BikeParking': 'True', 'RestaurantsDelivery': 'True', 'RestaurantsTakeOut': 'True', 'BusinessParking': ""{'garage': False, 'street': True, 'validated': False, 'lot': False, 'valet': False}"", 'Ambience': ""{'romantic': False, 'intimate': False, 'classy': False, 'hipster': False, 'divey': False, 'touristy': False, 'trendy': False, 'upscale': False, 'casual': True}"", 'RestaurantsPriceRange2': '1', 'GoodForMeal': ""{'dessert': False, 'latenight': False, 'lunch': True, 'dinner': True, 'brunch': False, 'breakfast': False}"", 'OutdoorSeating': 'False', 'GoodForKids': 'True', 'WiFi': ""u'no'"", 'RestaurantsAttire': ""u'casual'"", 'Caters': 'True', 'NoiseLevel': ""u'quiet'""}","Sushi Bars, Japanese, Restaurants, Chinese","{'Monday': '11:0-23:0', 'Tuesday': '11:0-23:0', 'Wednesday': '11:0-23:0', 'Thursday': '11:0-23:0', 'Friday': '11:0-23:0', 'Saturday': '11:0-23:0', 'Sunday': '11:0-23:0'}",Restaurants
4bx6V3IBe-J_BrrpLMjTJw,Gianna Jr's,106 S 20th St,Philadelphia,PA,19195,39.9517744,-75.1736444,3.0,11,0,"{'BYOBCorkage': ""'no'"", 'RestaurantsReservations': 'False', 'BusinessAcceptsCreditCards': 'True', 'RestaurantsPriceRange2': '1', 'Alcohol': ""'none'"", 'RestaurantsDelivery': 'True', 'RestaurantsTakeOut': 'True', 'OutdoorSeating': 'True', 'RestaurantsAttire': ""'casual'"", 'BusinessParking': ""{'garage': False, 'street': False, 'validated': False, 'lot': False, 'valet': False}""}","Restaurants, Food, Vegetarian, Vegan",,Restaurants
zaeNGZfmOiBzGVqGhRfX3w,Le Caveau,614 S 7th St,Philadelphia,PA,19147,39.9417309203,-75.1541846618,4.0,5,1,"{'DriveThru': 'False', 'RestaurantsDelivery': 'False', 'RestaurantsReservations': 'False', 'Ambience': ""{'touristy': False, 'hipster': False, 'romantic': False, 'divey': False, 'intimate': False, 'trendy': False, 'upscale': False, 'classy': False, 'casual': False}"", 'Caters': 'False', 'BusinessAcceptsBitcoin': 'False', 'ByAppointmentOnly': 'False', 'DogsAllowed': 'False', 'BikeParking': 'False', 'RestaurantsTableService': 'True', 'HasTV': 'False', 'CoatCheck': 'False', 'RestaurantsTakeOut': 'False', 'BusinessAcceptsCreditCards': 'True', 'BusinessParking': ""{u'valet': False, u'garage': False, u'street': True, u'lot': False, u'validated': False}"", 'Smoking': ""u'no'"", 'HappyHour': 'True', 'OutdoorSeating': 'False', 'WiFi': ""u'no'"", 'WheelchairAccessible': 'False'}","Nightlife, Wine Bars, Bars, Restaurants, French","{'Tuesday': '18:0-0:0', 'Wednesday': '18:0-0:0', 'Thursday': '18:0-0:0', 'Friday': '18:0-0:0', 'Saturday': '18:0-0:0'}",Restaurants
21czbreHdJ8DxchFcsAlQA,Barone's How U Doin' Deli & Grocery,1515 W Porter St,Philadelphia,PA,19145,39.9198589,-75.1730406,5.0,11,0,"{'Alcohol': ""u'none'"", 'RestaurantsDelivery': 'True', 'RestaurantsTakeOut': 'True', 'Caters': 'True', 'OutdoorSeating': 'False', 'NoiseLevel': ""u'quiet'"", 'RestaurantsPriceRange2': '2', 'WiFi': ""u'no'"", 'BusinessParking': ""{'garage': False, 'street': False, 'validated': False, 'lot': False, 'valet': False}"", 'GoodForKids': 'False', 'RestaurantsAttire': ""u'casual'"", 'HasTV': 'False', 'RestaurantsReservations': 'False', 'Ambience': ""{'romantic': False, 'intimate': False, 'classy': False, 'hipster': False, 'divey': False, 'touristy': False, 'trendy': False, 'upscale': False, 'casual': True}"", 'BusinessAcceptsCreditCards': 'True', 'RestaurantsGoodForGroups': 'True'}","Specialty Food, Food, Delis, Grocery, Ethnic Food, Convenience Stores, Italian, Restaurants",,Restaurants
OdIBX09glfXNVSyd0RnIeg,Monk's Cafe,264 S 16th St,Philadelphia,PA,19102,39.947701,-75.1682869,4.0,2184,1,"{'RestaurantsGoodForGroups': 'True', 'RestaurantsAttire': ""'casual'"", 'BikeParking': 'True', 'RestaurantsReservations': 'False', 'BYOBCorkage': ""'yes_free'"", 'GoodForKids': 'False', 'BusinessAcceptsCreditCards': 'True', 'Corkage': 'False', 'HasTV': 'False', 'Alcohol': ""'full_bar'"", 'RestaurantsPriceRange2': '2', 'HappyHour': 'True', 'Caters': 'False', 'GoodForDancing': 'False', 'WiFi': ""u'no'"", 'Music': ""{'dj': False, 'background_music': False, 'no_music': False, 'jukebox': False, 'live': False, 'video': False, 'karaoke': False}"", 'Ambience': ""{'touristy': False, 'hipster': False, 'romantic': False, 'divey': False, 'intimate': False, 'trendy': False, 'upscale': False, 'classy': True, 'casual': True}"", 'Smoking': ""u'no'"", 'BusinessParking': ""{'garage': False, 'street': True, 'validated': False, 'lot': True, 'valet': False}"", 'BestNights': ""{'monday': False, 'tuesday': False, 'friday': True, 'wednesday': True, 'thursday': False, 'sunday': False, 'saturday': True}"", 'RestaurantsTableService': 'True', 'RestaurantsDelivery': 'None', 'WheelchairAccessible': 'False', 'CoatCheck': 'False', 'DogsAllowed': 'False', 'GoodForMeal': ""{'dessert': False, 'latenight': None, 'lunch': None, 'dinner': True, 'brunch': False, 'breakfast': False}"", 'NoiseLevel': ""u'loud'"", 'RestaurantsTakeOut': 'None', 'OutdoorSeating': 'True'}","Nightlife, Pubs, Bars, Belgian, Restaurants, Gastropubs","{'Wednesday': '11:30-0:0', 'Thursday': '11:30-23:0', 'Friday': '11:30-0:0', 'Saturday': '11:30-0:0', 'Sunday': '11:30-23:0'}",Restaurants
c1v7KERdB741pw7d53HGdA,Ancient Spirits & Grille,1726 Chestnut St,Philadelphia,PA,19103,39.9515662944,-75.1698796416,4.0,31,1,"{'RestaurantsDelivery': 'True', 'BusinessParking': ""{u'valet': False, u'garage': None, u'street': None, u'lot': False, u'validated': False}"", 'Caters': 'True', 'BusinessAcceptsCreditCards': 'True', 'Smoking': ""u'no'"", 'RestaurantsGoodForGroups': 'True', 'HasTV': 'False', 'Music': ""{u'dj': None, u'live': False, u'jukebox': None, u'video': False, u'background_music': False, u'karaoke': None, u'no_music': False}"", 'OutdoorSeating': 'True', 'BYOB': 'False', 'WheelchairAccessible': 'True', 'BikeParking': 'True', 'WiFi': ""u'no'"", 'Alcohol': ""u'full_bar'"", 'GoodForMeal': ""{u'breakfast': None, u'brunch': None, u'lunch': None, u'dinner': True, u'latenight': None, u'dessert': None}"", 'RestaurantsTableService': 'True', 'RestaurantsPriceRange2': '3', 'BestNights': ""{u'monday': False, u'tuesday': False, u'wednesday': False, u'thursday': False, u'friday': False, u'saturday': False, u'sunday': False}"", 'RestaurantsReservations': 'True', 'Ambience': ""{u'divey': False, u'hipster': False, u'casual': False, u'touristy': False, u'trendy': False, u'intimate': False, u'romantic': False, u'classy': True, u'upscale': False}"", 'CoatCheck': 'True', 'RestaurantsTakeOut': 'True'}","Bars, Nightlife, Lounges, Cocktail Bars, Middle Eastern, Modern European, Restaurants","{'Monday': '11:0-22:30', 'Tuesday': '11:0-22:30', 'Wednesday': '11:0-22:30', 'Thursday': '11:0-22:30', 'Friday': '11:0-23:0', 'Saturday': '11:0-23:0', 'Sunday': '11:0-22:0'}",Restaurants
FImeJg7pVG9K7wjuexmV4Q,Pass & Stow,1 Citizens Bank Way,Philadelphia,PA,19148,39.9059929,-75.1666401,4.0,10,1,"{'Ambience': ""{'touristy': False, 'hipster': False, 'romantic': False, 'divey': False, 'intimate': False, 'trendy': False, 'upscale': False, 'classy': False, 'casual': False}"", 'Music': ""{'dj': False, 'background_music': False, 'no_music': False, 'jukebox': False, 'live': True, 'video': False, 'karaoke': False}"", 'HasTV': 'True'}","Pizza, Beer Gardens, Bars, Nightlife, Pubs, Restaurants",,Restaurants
fdfMYT67xUYY2IqCEnIS2A,Chicks Cafe & Wine Bar Inc,614 S 7th St,Philadelphia,PA,19147,39.941738,-75.154264,4.0,75,0,"{'RestaurantsDelivery': 'False', 'RestaurantsGoodForGroups': 'True', 'GoodForKids': 'False', 'OutdoorSeating': 'True', 'RestaurantsAttire': ""'casual'"", 'BusinessParking': ""{'garage': False, 'street': True, 'validated': False, 'lot': False, 'valet': False}"", 'Alcohol': ""u'full_bar'"", 'RestaurantsPriceRange2': '2', 'Ambience': ""{'romantic': True, 'intimate': True, 'touristy': False, 'hipster': False, 'divey': False, 'classy': False, 'trendy': False, 'upscale': False, 'casual': True}"", 'RestaurantsReservations': 'True', 'HasTV': 'False', 'Caters': 'False', 'RestaurantsTakeOut': 'True', 'BusinessAcceptsCreditCards': 'True', 'NoiseLevel': ""u'average'"", 'WiFi': ""u'no'""}","French, Wine Bars, Italian, Nightlife, American (New), Tapas Bars, Bars, Beer, Wine & Spirits, Food, Restaurants","{'Tuesday': '17:0-0:0', 'Wednesday': '17:0-0:0', 'Thursday': '17:0-0:0', 'Friday': '17:0-2:0', 'Saturday': '17:0-2:0'}",Restaurants
nnj8APV33vrflphc6f50nA,Roe,138 Chestnut St,Philadelphia,PA,19106,39.948205,-75.143918,3.5,109,0,"{'WiFi': ""u'paid'"", 'RestaurantsGoodForGroups': 'True', 'RestaurantsDelivery': 'True', 'Ambience': ""{'romantic': False, 'intimate': False, 'classy': False, 'hipster': False, 'divey': False, 'touristy': False, 'trendy': False, 'upscale': False, 'casual': True}"", 'Caters': 'True', 'OutdoorSeating': 'False', 'RestaurantsAttire': ""u'casual'"", 'Alcohol': ""u'none'"", 'NoiseLevel': ""u'quiet'"", 'RestaurantsPriceRange2': '2', 'BikeParking': 'True', 'GoodForMeal': ""{'dessert': False, 'latenight': False, 'lunch': False, 'dinner': True, 'brunch': False, 'breakfast': False}"", 'GoodForKids': 'True', 'BusinessParking': ""{'garage': False, 'street': True, 'validated': False, 'lot': False, 'valet': False}"", 'RestaurantsTakeOut': 'True', 'RestaurantsReservations': 'True', 'BusinessAcceptsCreditCards': 'True', 'HappyHour': 'False', 'HasTV': 'True'}","Restaurants, Japanese, Thai","{'Monday': '11:30-22:0', 'Tuesday': '11:30-22:0', 'Wednesday': '11:30-22:0', 'Thursday': '11:30-22:0', 'Friday': '11:30-23:0', 'Saturday': '11:30-23:0', 'Sunday': '17:0-22:0'}",Restaurants
dTJRXFxdjmDZYNqe8iB86A,Koukouzeli,1134 S 9th St,Philadelphia,PA,19147,39.9354931,-75.1587449,4.0,23,0,"{'Ambience': ""{'touristy': False, 'hipster': False, 'romantic': False, 'divey': False, 'intimate': False, 'trendy': False, 'upscale': False, 'classy': False, 'casual': False}"", 'GoodForMeal': ""{'dessert': False, 'latenight': False, 'lunch': False, 'dinner': False, 'brunch': False, 'breakfast': False}"", 'RestaurantsDelivery': 'True', 'BusinessParking': ""{'garage': False, 'street': False, 'validated': False, 'lot': False, 'valet': False}"", 'RestaurantsTakeOut': 'True', 'RestaurantsReservations': 'True'}","Greek, Restaurants",,Restaurants
93K-xlLwLnwcFuV2r2MI6Q,Thai Square Restaurant,2521 Christian St,Philadelphia,PA,19146,39.9425684,-75.1852973,4.0,162,1,"{'RestaurantsAttire': ""u'casual'"", 'OutdoorSeating': 'True', 'WiFi': ""'no'"", 'RestaurantsReservations': 'True', 'DogsAllowed': 'True', 'GoodForKids': 'True', 'WheelchairAccessible': 'True', 'Caters': 'True', 'BusinessParking': ""{'garage': False, 'street': True, 'validated': False, 'lot': False, 'valet': False}"", 'RestaurantsTableService': 'True', 'RestaurantsDelivery': 'True', 'RestaurantsPriceRange2': '2', 'NoiseLevel': ""'quiet'"", 'BusinessAcceptsCreditCards': 'True', 'BikeParking': 'True', 'Alcohol': ""u'none'"", 'HasTV': 'True', 'RestaurantsGoodForGroups': 'True', 'RestaurantsTakeOut': 'True', 'GoodForMeal': ""{'dessert': None, 'latenight': False, 'lunch': True, 'dinner': True, 'brunch': False, 'breakfast': False}"", 'BusinessAcceptsBitcoin': 'False', 'Ambience': ""{u'divey': False, u'hipster': False, u'casual': True, u'touristy': False, u'trendy': False, u'intimate': None, u'romantic': False, u'classy': False, u'upscale': False}""}","Thai, Restaurants","{'Monday': '0:0-0:0', 'Tuesday': '16:0-21:30', 'Wednesday': '16:0-21:30', 'Thursday': '16:0-21:30', 'Friday': '16:0-21:30', 'Saturday': '16:0-21:30', 'Sunday': '16:0-21:30'}",Restaurants
Cf9cdIHKEZXVPIysDAqQ7A,Get Happy Pub,509-511 S 2nd St,Philadelphia,PA,19147,39.941893,-75.1455042,4.0,5,0,"{'RestaurantsAttire': ""u'casual'"", 'BusinessAcceptsCreditCards': 'True', 'RestaurantsTakeOut': 'True', 'RestaurantsDelivery': 'False', 'Alcohol': ""u'full_bar'"", 'GoodForKids': 'True', 'RestaurantsGoodForGroups': 'True', 'RestaurantsPriceRange2': '2', 'RestaurantsReservations': 'False', 'OutdoorSeating': 'False', 'BusinessParking': ""{'garage': False, 'street': True, 'validated': False, 'lot': False, 'valet': False}""}","Restaurants, American (New), Bars, Nightlife, Pubs","{'Tuesday': '11:30-2:0', 'Wednesday': '11:30-2:0', 'Thursday': '11:30-2:0', 'Friday': '11:30-2:0', 'Saturday': '11:30-2:0', 'Sunday': '11:30-2:0'}",Restaurants
nmeGoVi_U-bbnojJsi52Aw,The Angelo Pizza,229 Market St,Philadelphia,PA,19106,39.9502888,-75.1446988,4.5,66,1,"{'Ambience': ""{'touristy': False, 'hipster': False, 'romantic': False, 'divey': False, 'intimate': False, 'trendy': False, 'upscale': False, 'classy': True, 'casual': False}"", 'RestaurantsTakeOut': 'True', 'OutdoorSeating': 'True', 'BusinessAcceptsCreditCards': 'True'}","Restaurants, Italian, Pizza","{'Wednesday': '12:0-20:0', 'Thursday': '12:0-20:0', 'Friday': '12:0-21:0', 'Saturday': '12:0-21:0', 'Sunday': '12:0-20:0'}",Restaurants
na6kPgbJ8c73JELysDrtuw,Poi Dog Snack Shop,100.5 S 21st St,Philadelphia,PA,19103,39.951909,-75.1756143,4.0,227,0,"{'GoodForKids': 'True', 'RestaurantsAttire': ""'casual'"", 'WiFi': ""'no'"", 'RestaurantsTakeOut': 'True', 'NoiseLevel': ""u'average'"", 'RestaurantsReservations': 'False', 'Ambience': ""{'touristy': False, 'hipster': False, 'romantic': False, 'divey': False, 'intimate': False, 'trendy': False, 'upscale': False, 'classy': False, 'casual': True}"", 'Alcohol': ""u'none'"", 'OutdoorSeating': 'False', 'RestaurantsPriceRange2': '2', 'RestaurantsDelivery': 'True', 'HasTV': 'True', 'Caters': 'True', 'DogsAllowed': 'False', 'BusinessAcceptsCreditCards': 'True', 'RestaurantsGoodForGroups': 'False', 'GoodForMeal': ""{'dessert': False, 'latenight': False, 'lunch': True, 'dinner': False, 'brunch': False, 'breakfast': False}"", 'RestaurantsTableService': 'False', 'BikeParking': 'True', 'BusinessParking': ""{'garage': None, 'street': True, 'validated': False, 'lot': False, 'valet': False}"", 'DriveThru': 'False', 'HappyHour': 'False'}","Poke, Food, Hawaiian, Restaurants, Desserts, Food Trucks","{'Monday': '11:0-21:0', 'Tuesday': '11:0-21:0', 'Wednesday': '11:0-21:0', 'Thursday': '11:0-21:0', 'Friday': '11:0-21:0', 'Saturday': '11:0-21:0'}",Restaurants
zZo62mlKnFgerNx1pXq7Ng,Cherry Street Tavern,129 N 22nd St,Philadelphia,PA,19103,39.9570188,-75.1758021,4.0,152,1,"{'RestaurantsGoodForGroups': 'True', 'BikeParking': 'True', 'OutdoorSeating': 'False', 'Alcohol': ""u'full_bar'"", 'HasTV': 'True', 'RestaurantsPriceRange2': '1', 'Ambience': ""{'touristy': False, 'hipster': False, 'romantic': False, 'divey': True, 'intimate': False, 'trendy': False, 'upscale': False, 'classy': False, 'casual': True}"", 'BusinessAcceptsCreditCards': 'True', 'BusinessParking': ""{'garage': False, 'street': True, 'validated': False, 'lot': False, 'valet': False}"", 'NoiseLevel': ""u'average'"", 'GoodForMeal': ""{'dessert': False, 'latenight': False, 'lunch': False, 'dinner': False, 'brunch': False, 'breakfast': False}"", 'WiFi': ""u'free'"", 'GoodForKids': 'True', 'Music': ""{'dj': False, 'background_music': False, 'no_music': False, 'jukebox': True, 'live': False, 'video': False, 'karaoke': False}"", 'RestaurantsAttire': ""'casual'"", 'RestaurantsTakeOut': 'False', 'RestaurantsDelivery': 'False', 'RestaurantsReservations': 'False', 'BestNights': ""{'monday': False, 'tuesday': False, 'friday': False, 'wednesday': False, 'thursday': True, 'sunday': True, 'saturday': True}""}","Beer Bar, Sandwiches, Nightlife, Bars, Restaurants, Pubs","{'Monday': '11:0-2:0', 'Tuesday': '11:0-2:0', 'Wednesday': '11:0-2:0', 'Thursday': '11:0-2:0', 'Friday': '11:0-2:0', 'Saturday': '11:0-2:0', 'Sunday': '11:0-23:0'}",Restaurants
v70BCKY2DJQ9Ve5C6Ab7tg,Luigi's Pizzaria,716 Sansom St,Philadelphia,PA,19106,39.9484491,-75.1532384,4.0,7,0,"{'RestaurantsDelivery': 'None', 'RestaurantsTakeOut': 'None'}","Breakfast & Brunch, Restaurants, Pizza, Italian","{'Monday': '10:0-21:0', 'Tuesday': '10:0-21:0', 'Wednesday': '10:0-21:0', 'Thursday': '10:0-21:0', 'Friday': '10:0-23:0', 'Saturday': '10:0-23:0'}",Restaurants
jolbq-Xux8Tdh_dxmD7M6w,Primary Plant Based,56 S 2nd St,Philadelphia,PA,19106,39.9486327681,-75.1441173255,5.0,6,0,"{'RestaurantsTakeOut': 'True', 'RestaurantsDelivery': 'True', 'OutdoorSeating': 'True'}","Restaurants, American (New), Vegan, Pop-Up Restaurants","{'Monday': '12:0-21:0', 'Tuesday': '12:0-21:0', 'Wednesday': '12:0-21:0', 'Thursday': '12:0-21:0', 'Friday': '12:0-21:0', 'Saturday': '12:0-21:0', 'Sunday': '12:0-21:0'}",Restaurants
iMw_LReFjEsvhFGrU1EKqQ,Tasty Place,143 N 11th St,Philadelphia,PA,19107,39.9551451,-75.1574436,4.0,139,0,"{'RestaurantsAttire': ""u'casual'"", 'Alcohol': ""u'none'"", 'OutdoorSeating': 'False', 'GoodForKids': 'True', 'RestaurantsPriceRange2': '1', 'RestaurantsDelivery': 'False', 'Caters': 'False', 'WiFi': ""u'no'"", 'NoiseLevel': ""u'average'"", 'RestaurantsTakeOut': 'True', 'BikeParking': 'True', 'RestaurantsGoodForGroups': 'True', 'BusinessAcceptsCreditCards': 'False', 'RestaurantsReservations': 'False', 'HasTV': 'True', 'GoodForMeal': ""{'dessert': False, 'latenight': False, 'lunch': True, 'dinner': True, 'brunch': False, 'breakfast': False}"", 'RestaurantsTableService': 'True', 'Ambience': ""{'touristy': False, 'hipster': False, 'romantic': False, 'divey': True, 'intimate': False, 'trendy': False, 'upscale': False, 'classy': True, 'casual': True}"", 'BusinessParking': ""{u'valet': False, u'garage': None, u'street': True, u'lot': False, u'validated': False}""}","Restaurants, Chinese","{'Monday': '11:0-20:0', 'Tuesday': '11:0-20:0', 'Wednesday': '11:0-20:0', 'Thursday': '11:0-20:0', 'Friday': '11:0-20:0', 'Saturday': '11:0-20:0', 'Sunday': '11:0-20:0'}",Restaurants
ra6Ejpr6Y5nJL1Um6pzTdg,Mustard Greens Restaurant,622 S 2nd St,Philadelphia,PA,19147,39.9405417,-75.1459758,4.0,97,1,"{'RestaurantsAttire': ""'casual'"", 'RestaurantsGoodForGroups': 'True', 'NoiseLevel': ""u'average'"", 'GoodForKids': 'True', 'RestaurantsPriceRange2': '2', 'BusinessAcceptsCreditCards': 'True', 'Caters': 'True', 'BikeParking': 'True', 'Alcohol': ""'full_bar'"", 'BYOBCorkage': ""'no'"", 'RestaurantsTakeOut': 'True', 'OutdoorSeating': 'False', 'RestaurantsReservations': 'True', 'BusinessParking': ""{'garage': False, 'street': True, 'validated': False, 'lot': False, 'valet': False}"", 'RestaurantsTableService': 'True', 'WiFi': ""u'no'"", 'HasTV': 'True', 'Ambience': ""{'touristy': False, 'hipster': False, 'romantic': False, 'divey': False, 'intimate': False, 'trendy': False, 'upscale': False, 'classy': None, 'casual': True}"", 'RestaurantsDelivery': 'True', 'GoodForMeal': ""{'dessert': False, 'latenight': False, 'lunch': None, 'dinner': True, 'brunch': False, 'breakfast': False}""}","Restaurants, Chinese, Dim Sum","{'Monday': '17:0-22:0', 'Tuesday': '17:0-22:0', 'Wednesday': '17:0-22:0', 'Thursday': '17:0-22:0', 'Friday': '17:0-23:0', 'Saturday': '17:0-23:0', 'Sunday': '17:0-22:0'}",Restaurants
UzbNTU2k8A4k0uLrDbRq2w,Clubhouse Sports Lounge,111 S 17th St,Philadelphia,PA,19103,39.951001,-75.16874,3.5,16,0,"{'RestaurantsTableService': 'True', 'DogsAllowed': 'False', 'BusinessAcceptsCreditCards': 'True', 'ByAppointmentOnly': 'False', 'BusinessParking': ""{'garage': False, 'street': False, 'validated': False, 'lot': False, 'valet': False}"", 'RestaurantsReservations': 'True', 'BestNights': ""{'monday': False, 'tuesday': False, 'friday': False, 'wednesday': False, 'thursday': False, 'sunday': False, 'saturday': True}"", 'Caters': 'True', 'OutdoorSeating': 'False', 'Smoking': ""u'no'"", 'Alcohol': ""'full_bar'"", 'HappyHour': 'True', 'HasTV': 'True', 'Music': ""{'dj': False, 'background_music': False, 'no_music': False, 'jukebox': False, 'live': False, 'video': False, 'karaoke': False}""}","Restaurants, Active Life, Bars, Escape Games, Nightlife, Sandwiches, Lounges, Sports Bars","{'Monday': '17:0-0:0', 'Tuesday': '17:0-0:0', 'Wednesday': '17:0-0:0', 'Thursday': '17:0-2:0', 'Friday': '17:0-2:0', 'Saturday': '12:0-2:0', 'Sunday': '12:0-0:0'}",Restaurants
HUp0fqvl0XbZmrCp5FfBjw,Fresh Gulf Seafood,2528 S 24th St,Philadelphia,PA,19145,39.920544,-75.188066,4.0,32,1,"{'RestaurantsPriceRange2': '2', 'WheelchairAccessible': 'True', 'Caters': 'False', 'RestaurantsTableService': 'False', 'RestaurantsReservations': 'False', 'RestaurantsTakeOut': 'True', 'Alcohol': ""'none'"", 'NoiseLevel': ""u'average'"", 'GoodForKids': 'True', 'BusinessAcceptsCreditCards': 'True', 'Ambience': ""{'romantic': False, 'intimate': False, 'classy': False, 'hipster': False, 'divey': False, 'touristy': False, 'trendy': False, 'upscale': False, 'casual': False}"", 'OutdoorSeating': 'False', 'HasTV': 'True', 'GoodForMeal': ""{'dessert': False, 'latenight': False, 'lunch': True, 'dinner': False, 'brunch': False, 'breakfast': False}"", 'RestaurantsAttire': ""'casual'"", 'WiFi': ""'no'"", 'BikeParking': 'True', 'RestaurantsGoodForGroups': 'False', 'BusinessParking': ""{u'valet': False, u'garage': False, u'street': True, u'lot': None, u'validated': False}"", 'RestaurantsDelivery': 'True'}","Seafood, Restaurants, Distilleries, Farmers Market, Food","{'Monday': '10:0-21:0', 'Tuesday': '10:0-21:0', 'Wednesday': '10:0-21:0', 'Thursday': '10:0-21:0', 'Friday': '10:0-21:0', 'Saturday': '10:0-21:0'}",Restaurants
CQhY6tuC5lztz-7uosT_5A,Pure Tacos,1935 Chestnut St,Philadelphia,PA,19103,39.9521533479,-75.1731691223,2.5,57,0,"{'RestaurantsTakeOut': 'True', 'HasTV': 'False', 'BusinessParking': ""{'garage': False, 'street': True, 'validated': False, 'lot': False, 'valet': False}"", 'RestaurantsGoodForGroups': 'False', 'Alcohol': ""u'none'"", 'OutdoorSeating': 'False', 'RestaurantsPriceRange2': '1', 'WiFi': ""u'no'"", 'NoiseLevel': ""u'average'"", 'GoodForKids': 'True', 'RestaurantsDelivery': 'True', 'Ambience': ""{'romantic': False, 'intimate': False, 'touristy': False, 'hipster': False, 'divey': False, 'classy': False, 'trendy': False, 'upscale': False, 'casual': True}"", 'RestaurantsReservations': 'False', 'BusinessAcceptsCreditCards': 'True', 'Caters': 'False', 'HappyHour': 'True', 'GoodForMeal': ""{'dessert': False, 'latenight': False, 'lunch': True, 'dinner': False, 'brunch': False, 'breakfast': False}"", 'RestaurantsAttire': ""u'casual'""}","Restaurants, Ethnic Food, Mexican, Food, Specialty Food, Gluten-Free","{'Monday': '11:30-21:0', 'Tuesday': '11:30-21:0', 'Wednesday': '11:30-21:0', 'Thursday': '11:30-21:0', 'Friday': '11:30-21:0', 'Saturday': '11:30-21:0', 'Sunday': '12:0-20:0'}",Restaurants
Vd0YOj5GVv-Nxeo06HCfjA,Rival Bros Coffee,1100 Tasker St,Philadelphia,PA,19148,39.929795,-75.163155,4.5,34,1,"{'Alcohol': ""'none'"", 'RestaurantsTakeOut': 'True', 'ByAppointmentOnly': 'False', 'GoodForMeal': ""{'dessert': False, 'latenight': False, 'lunch': False, 'dinner': False, 'brunch': False, 'breakfast': False}"", 'Ambience': ""{'touristy': False, 'hipster': False, 'romantic': False, 'divey': False, 'intimate': False, 'trendy': False, 'upscale': False, 'classy': False, 'casual': False}"", 'BikeParking': 'True', 'RestaurantsPriceRange2': '1', 'RestaurantsReservations': 'True', 'RestaurantsAttire': ""u'casual'"", 'WiFi': ""'free'"", 'RestaurantsTableService': 'False', 'BusinessAcceptsCreditCards': 'True', 'DogsAllowed': 'False', 'RestaurantsGoodForGroups': 'True', 'NoiseLevel': ""u'average'"", 'GoodForKids': 'True', 'OutdoorSeating': 'True', 'RestaurantsDelivery': 'True', 'BusinessParking': ""{u'valet': False, u'garage': None, u'street': True, u'lot': False, u'validated': False}"", 'HasTV': 'True'}","Food, Coffee Roasteries, Restaurants, Coffee & Tea, Cafes, Sandwiches","{'Monday': '7:0-19:0', 'Tuesday': '7:0-19:0', 'Wednesday': '7:0-19:0', 'Thursday': '7:0-19:0', 'Friday': '7:0-22:0', 'Saturday': '7:0-22:0', 'Sunday': '7:0-17:0'}",Restaurants
uKAbrDSJJzZliY1Yqu5KxQ,Scannicchio's,2500 S Broad & Porter,Philadelphia,PA,19145,39.919346,-75.171033,4.0,187,1,"{'RestaurantsAttire': ""u'casual'"", 'RestaurantsPriceRange2': '2', 'OutdoorSeating': 'True', 'HasTV': 'False', 'BusinessParking': ""{'garage': False, 'street': True, 'validated': False, 'lot': False, 'valet': False}"", 'RestaurantsReservations': 'True', 'NoiseLevel': ""u'average'"", 'Alcohol': ""u'none'"", 'Caters': 'True', 'BikeParking': 'True', 'RestaurantsTakeOut': 'True', 'GoodForKids': 'True', 'RestaurantsGoodForGroups': 'True', 'RestaurantsTableService': 'True', 'GoodForMeal': ""{'dessert': False, 'latenight': False, 'lunch': False, 'dinner': True, 'brunch': False, 'breakfast': False}"", 'WheelchairAccessible': 'True', 'Corkage': 'False', 'BYOB': 'True', 'Ambience': ""{'touristy': False, 'hipster': False, 'romantic': None, 'divey': False, 'intimate': None, 'trendy': False, 'upscale': False, 'classy': False, 'casual': True}"", 'WiFi': ""u'free'"", 'DogsAllowed': 'True', 'RestaurantsDelivery': 'True', 'HappyHour': 'False', 'BusinessAcceptsCreditCards': 'False'}","Seafood, Italian, Restaurants, Mediterranean","{'Monday': '0:0-0:0', 'Tuesday': '16:0-20:0', 'Wednesday': '16:0-20:0', 'Thursday': '16:0-20:0', 'Friday': '16:0-20:30', 'Saturday': '16:0-20:30', 'Sunday': '15:30-19:30'}",Restaurants
nKK8tgjteduOIxALbfJNgg,Ristorante La Buca,711 Locust St,Philadelphia,PA,19106,39.947079,-75.154165,3.5,113,0,"{'RestaurantsPriceRange2': '3', 'RestaurantsReservations': 'True', 'Alcohol': ""u'full_bar'"", 'BikeParking': 'True', 'RestaurantsGoodForGroups': 'True', 'OutdoorSeating': 'False', 'NoiseLevel': ""u'quiet'"", 'BusinessParking': ""{'garage': True, 'street': True, 'validated': True, 'lot': False, 'valet': False}"", 'HasTV': 'True', 'RestaurantsTakeOut': 'True', 'Ambience': ""{'touristy': False, 'hipster': False, 'romantic': True, 'divey': False, 'intimate': True, 'trendy': False, 'upscale': False, 'classy': True, 'casual': False}"", 'WiFi': ""u'free'"", 'GoodForKids': 'False', 'Smoking': ""u'no'"", 'BusinessAcceptsBitcoin': 'False', 'BusinessAcceptsCreditCards': 'True', 'CoatCheck': 'True', 'HappyHour': 'True', 'RestaurantsTableService': 'True', 'DogsAllowed': 'False', 'RestaurantsAttire': ""u'dressy'"", 'WheelchairAccessible': 'True', 'BestNights': ""{'monday': False, 'tuesday': False, 'friday': False, 'wednesday': False, 'thursday': False, 'sunday': False, 'saturday': False}"", 'RestaurantsDelivery': 'True', 'Music': ""{'dj': False, 'background_music': False, 'no_music': False, 'jukebox': False, 'live': False, 'video': False, 'karaoke': False}"", 'GoodForMeal': ""{'dessert': False, 'latenight': False, 'lunch': False, 'dinner': True, 'brunch': False, 'breakfast': False}"", 'Caters': 'False'}","Restaurants, Seafood, Bars, Italian, Wine Bars, Nightlife","{'Monday': '17:0-21:0', 'Tuesday': '17:0-21:0', 'Wednesday': '17:0-21:0', 'Thursday': '17:0-21:0', 'Friday': '17:0-22:0', 'Saturday': '17:0-22:0'}",Restaurants
RAucBixPYsidSxjtl6VioQ,Mexican Post Express,1701 John F Kennedy Blvd,Philadelphia,PA,19103,39.9561659865,-75.166372971,3.0,50,1,"{'BusinessParking': ""{'garage': False, 'street': True, 'validated': False, 'lot': False, 'valet': False}"", 'NoiseLevel': ""u'average'"", 'BusinessAcceptsCreditCards': 'True', 'RestaurantsGoodForGroups': 'True', 'RestaurantsAttire': ""u'casual'"", 'OutdoorSeating': 'True', 'RestaurantsPriceRange2': '2', 'HasTV': 'True', 'RestaurantsReservations': 'True', 'GoodForKids': 'True', 'Alcohol': ""u'full_bar'"", 'RestaurantsTakeOut': 'True', 'Ambience': ""{'touristy': None, 'hipster': False, 'romantic': False, 'divey': False, 'intimate': False, 'trendy': None, 'upscale': False, 'classy': False, 'casual': True}"", 'HappyHour': 'True', 'WiFi': ""u'no'"", 'GoodForMeal': ""{'dessert': False, 'latenight': False, 'lunch': True, 'dinner': False, 'brunch': False, 'breakfast': False}"", 'RestaurantsDelivery': 'None'}","Print Media, Mexican, Restaurants, Mass Media","{'Monday': '8:0-19:0', 'Tuesday': '8:0-19:0', 'Wednesday': '8:0-19:0', 'Thursday': '8:0-19:0', 'Friday': '8:0-19:0', 'Saturday': '8:0-17:0'}",Restaurants
6cfNCzL2A0XsmXnjeg0u7w,Cosi,325 Chestnut St,Philadelphia,PA,19106,39.949088,-75.147154,2.0,77,0,"{'RestaurantsPriceRange2': '1', 'BusinessParking': ""{'garage': False, 'street': True, 'validated': False, 'lot': False, 'valet': False}"", 'HasTV': 'False', 'RestaurantsGoodForGroups': 'True', 'NoiseLevel': ""u'average'"", 'RestaurantsAttire': ""u'casual'"", 'WiFi': ""u'free'"", 'Caters': 'False', 'Ambience': ""{'romantic': False, 'intimate': False, 'touristy': False, 'hipster': False, 'divey': False, 'classy': False, 'trendy': False, 'upscale': False, 'casual': True}"", 'RestaurantsReservations': 'False', 'OutdoorSeating': 'True', 'BikeParking': 'True', 'RestaurantsDelivery': 'False', 'BusinessAcceptsCreditCards': 'True', 'Alcohol': ""u'none'"", 'RestaurantsTakeOut': 'True', 'DogsAllowed': 'False', 'GoodForMeal': ""{'dessert': False, 'latenight': False, 'lunch': True, 'dinner': False, 'brunch': False, 'breakfast': True}"", 'GoodForKids': 'True'}","Coffee & Tea, Pizza, Restaurants, Food, Sandwiches","{'Monday': '7:0-20:0', 'Tuesday': '7:0-20:0', 'Wednesday': '7:0-20:0', 'Thursday': '7:0-20:0', 'Friday': '7:0-20:0', 'Saturday': '8:0-20:0', 'Sunday': '8:0-20:0'}",Restaurants
XkJsE4AJJ95vctIkE5kRWg,Makhani,7 N 3rd St,Philadelphia,PA,19106,39.9505721,-75.1454399,4.0,62,0,"{'OutdoorSeating': 'False', 'Alcohol': ""u'none'"", 'RestaurantsReservations': 'True', 'BusinessAcceptsCreditCards': 'True', 'RestaurantsTableService': 'True', 'HasTV': 'False', 'BikeParking': 'True', 'BusinessAcceptsBitcoin': 'False', 'GoodForMeal': ""{'dessert': None, 'latenight': None, 'lunch': None, 'dinner': True, 'brunch': None, 'breakfast': None}"", 'WiFi': ""u'free'"", 'Caters': 'True', 'DogsAllowed': 'False', 'RestaurantsPriceRange2': '2', 'HappyHour': 'False', 'RestaurantsGoodForGroups': 'True', 'WheelchairAccessible': 'True', 'RestaurantsDelivery': 'True', 'Ambience': ""{'touristy': False, 'hipster': False, 'romantic': False, 'divey': False, 'intimate': False, 'trendy': False, 'upscale': False, 'classy': True, 'casual': False}"", 'BusinessParking': ""{'garage': False, 'street': True, 'validated': False, 'lot': True, 'valet': False}"", 'RestaurantsTakeOut': 'True'}","Indian, Restaurants, Seafood, Desserts, Vegetarian, Food","{'Monday': '17:0-21:45', 'Tuesday': '17:0-21:45', 'Wednesday': '17:0-21:45', 'Thursday': '17:0-21:45', 'Friday': '17:0-22:45', 'Saturday': '17:0-22:45', 'Sunday': '17:0-21:45'}",Restaurants
RnMGVQpGRmEmJlI7Uewi4A,Taijiang Snackies,106 N 10th St,Philadelphia,PA,19107,39.9538713,-75.1563263,4.5,5,1,"{'RestaurantsAttire': ""u'casual'"", 'Alcohol': ""u'none'"", 'RestaurantsTakeOut': 'True', 'RestaurantsPriceRange2': '1', 'OutdoorSeating': 'False', 'RestaurantsReservations': 'False', 'RestaurantsGoodForGroups': 'False', 'RestaurantsDelivery': 'False', 'BusinessParking': ""{'garage': False, 'street': False, 'validated': False, 'lot': False, 'valet': False}"", 'GoodForKids': 'True', 'WiFi': ""u'no'"", 'NoiseLevel': ""u'average'"", 'Ambience': ""{'romantic': False, 'intimate': False, 'touristy': False, 'hipster': False, 'divey': False, 'classy': False, 'trendy': False, 'upscale': False, 'casual': False}""}","Restaurants, Chinese",,Restaurants
eFvzHawVJofxSnD7TgbZtg,Good Karma Cafe,928 Pine St,Philadelphia,PA,19107,39.9446092,-75.1578331,4.0,249,1,"{'Alcohol': ""u'none'"", 'RestaurantsReservations': 'False', 'BusinessAcceptsCreditCards': 'True', 'RestaurantsTakeOut': 'True', 'RestaurantsPriceRange2': '1', 'RestaurantsGoodForGroups': 'True', 'BikeParking': 'True', 'OutdoorSeating': 'True', 'RestaurantsAttire': ""u'casual'"", 'GoodForKids': 'False', 'BusinessParking': ""{'garage': False, 'street': True, 'validated': False, 'lot': False, 'valet': False}"", 'WiFi': ""u'free'"", 'RestaurantsDelivery': 'True', 'Caters': 'False', 'NoiseLevel': ""u'average'""}","Food, Cafes, Coffee & Tea, Restaurants","{'Monday': '7:0-17:0', 'Tuesday': '7:0-17:0', 'Wednesday': '7:0-17:0', 'Thursday': '7:0-17:0', 'Friday': '7:0-17:0', 'Saturday': '7:0-17:0', 'Sunday': '7:0-17:0'}",Restaurants
vt_esoDw6HG5ClM12OPkMg,Bonté Wafflerie & Café,130 S 17th St,Philadelphia,PA,19102,39.95051,-75.1692048,3.5,115,0,"{'Corkage': 'False', 'HasTV': 'False', 'Alcohol': ""u'none'"", 'NoiseLevel': ""u'average'"", 'RestaurantsAttire': ""'casual'"", 'GoodForKids': 'True', 'RestaurantsDelivery': 'False', 'BusinessParking': ""{'garage': False, 'street': True, 'validated': False, 'lot': False, 'valet': False}"", 'RestaurantsPriceRange2': '1', 'RestaurantsReservations': 'False', 'RestaurantsGoodForGroups': 'False', 'OutdoorSeating': 'True', 'Caters': 'False', 'WiFi': ""u'free'"", 'BusinessAcceptsCreditCards': 'True', 'BYOBCorkage': ""'yes_free'"", 'RestaurantsTakeOut': 'True', 'Ambience': ""{'romantic': False, 'intimate': False, 'touristy': False, 'hipster': False, 'divey': False, 'classy': False, 'trendy': False, 'upscale': False, 'casual': True}"", 'HappyHour': 'True'}","Coffee & Tea, Restaurants, Breakfast & Brunch, Food, Ice Cream & Frozen Yogurt","{'Monday': '6:30-18:0', 'Tuesday': '6:30-18:0', 'Wednesday': '6:30-18:0', 'Thursday': '6:30-18:0', 'Friday': '6:30-18:0', 'Saturday': '6:30-18:0', 'Sunday': '6:30-18:0'}",Restaurants
pIInvqxgFYFptmbz7kcaeA,Unsoulfood,1801 S 4th St,Philadelphia,PA,19148,39.925850846,-75.1526172608,5.0,9,1,,"Vegan, Southern, Restaurants","{'Monday': '16:0-22:0', 'Tuesday': '16:0-22:0', 'Thursday': '17:0-21:0', 'Friday': '17:0-23:0', 'Saturday': '17:0-23:0', 'Sunday': '14:0-19:0'}",Restaurants
NaRqFZ_l3LCHnX9j2TND-Q,Saladworks,1760 Market St,Philadelphia,PA,19103,39.9527848,-75.169911,2.5,22,0,"{'Caters': 'True', 'OutdoorSeating': 'True', 'RestaurantsAttire': ""'casual'"", 'WiFi': ""u'free'"", 'BusinessParking': ""{'garage': False, 'street': False, 'validated': False, 'lot': False, 'valet': False}"", 'BikeParking': 'True', 'GoodForKids': 'True', 'RestaurantsGoodForGroups': 'False', 'Alcohol': ""u'none'"", 'RestaurantsReservations': 'False', 'NoiseLevel': ""u'average'"", 'BusinessAcceptsCreditCards': 'True', 'RestaurantsDelivery': 'True', 'HasTV': 'False', 'RestaurantsTakeOut': 'True', 'Ambience': ""{'romantic': False, 'intimate': False, 'classy': False, 'hipster': False, 'divey': False, 'touristy': False, 'trendy': False, 'upscale': False, 'casual': False}"", 'RestaurantsPriceRange2': '1'}","Vegetarian, Salad, American (Traditional), Soup, American (New), Sandwiches, Restaurants","{'Monday': '9:30-15:30', 'Tuesday': '9:30-15:30', 'Wednesday': '9:30-15:30', 'Thursday': '9:30-15:30', 'Friday': '9:30-15:30'}",Restaurants
XZvALUhfZJy0ful-GdxK4A,Day N Nite,908 Cherry St,Philadelphia,PA,19107,39.954271,-75.1548581,4.0,22,1,"{'WiFi': ""u'free'"", 'WheelchairAccessible': 'True', 'Alcohol': ""u'full_bar'"", 'HasTV': 'True', 'Smoking': ""u'yes'"", 'CoatCheck': 'False', 'ByAppointmentOnly': 'False', 'RestaurantsReservations': 'True', 'BusinessAcceptsCreditCards': 'True', 'DogsAllowed': 'False', 'RestaurantsPriceRange2': '2', 'HappyHour': 'True', 'Music': ""{'dj': True, 'background_music': False, 'no_music': False, 'jukebox': None, 'live': None, 'video': False, 'karaoke': None}"", 'RestaurantsTakeOut': 'True', 'BusinessParking': ""{'garage': True, 'street': True, 'validated': False, 'lot': False, 'valet': False}"", 'RestaurantsDelivery': 'False', 'BestNights': ""{'monday': False, 'tuesday': False, 'friday': False, 'wednesday': True, 'thursday': False, 'sunday': False, 'saturday': True}"", 'BYOB': 'False', 'OutdoorSeating': 'False', 'BikeParking': 'False', 'BusinessAcceptsBitcoin': 'False', 'RestaurantsGoodForGroups': 'True', 'GoodForDancing': 'True', 'Ambience': ""{u'divey': None, u'hipster': None, u'casual': True, u'touristy': None, u'trendy': True, u'intimate': None, u'romantic': None, u'classy': None, u'upscale': None}"", 'Corkage': 'False'}","Bars, Restaurants, Karaoke, Lounges, Cheesesteaks, Nightlife, Hookah Bars, Cocktail Bars","{'Tuesday': '18:0-2:0', 'Wednesday': '18:0-2:0', 'Thursday': '19:0-2:0', 'Friday': '18:0-2:0', 'Saturday': '19:0-2:0', 'Sunday': '19:0-2:0'}",Restaurants
nWpIXaVS8VuAsHZYID4Lww,The Corner,102 S 13th St,Philadelphia,PA,19107,39.950171,-75.16213,3.5,189,0,"{'HasTV': 'False', 'OutdoorSeating': 'True', 'NoiseLevel': ""u'average'"", 'RestaurantsReservations': 'True', 'Alcohol': ""u'full_bar'"", 'RestaurantsAttire': ""u'casual'"", 'BusinessAcceptsCreditCards': 'True', 'GoodForKids': 'False', 'RestaurantsPriceRange2': '2', 'BusinessParking': ""{'garage': True, 'street': True, 'validated': False, 'lot': False, 'valet': False}"", 'RestaurantsDelivery': 'False', 'Ambience': ""{'touristy': False, 'hipster': False, 'romantic': False, 'divey': False, 'intimate': False, 'trendy': False, 'upscale': False, 'classy': False, 'casual': False}"", 'RestaurantsGoodForGroups': 'True', 'RestaurantsTakeOut': 'True', 'Caters': 'False', 'WiFi': ""u'free'"", 'GoodForMeal': ""{'dessert': False, 'latenight': False, 'lunch': False, 'dinner': True, 'brunch': False, 'breakfast': False}"", 'HappyHour': 'True'}","Restaurants, American (New)","{'Monday': '11:30-22:0', 'Tuesday': '11:30-22:0', 'Wednesday': '11:30-22:0', 'Thursday': '11:30-22:0', 'Friday': '11:30-23:30', 'Saturday': '11:30-23:30', 'Sunday': '11:30-21:0'}",Restaurants
TFnGJlA5l_HDdzGDkNTdTA,Smiths Restaurant and Bar,"39 S 19th St, Ste 41",Philadelphia,PA,19103,39.9522486027,-75.1716919961,3.0,225,1,"{'GoodForKids': 'False', 'RestaurantsTakeOut': 'True', 'BusinessAcceptsCreditCards': 'True', 'OutdoorSeating': 'False', 'RestaurantsPriceRange2': '2', 'Caters': 'False', 'RestaurantsReservations': 'True', 'Alcohol': ""u'full_bar'"", 'NoiseLevel': ""u'loud'"", 'RestaurantsGoodForGroups': 'True', 'WiFi': ""'no'"", 'RestaurantsAttire': ""u'casual'"", 'BusinessParking': ""{'garage': True, 'street': True, 'validated': False, 'lot': False, 'valet': False}"", 'BestNights': ""{'monday': False, 'tuesday': False, 'friday': True, 'wednesday': True, 'thursday': True, 'sunday': False, 'saturday': False}"", 'HasTV': 'True', 'Music': ""{'dj': False, 'background_music': False, 'no_music': False, 'jukebox': False, 'live': True, 'video': False, 'karaoke': False}"", 'BikeParking': 'True', 'GoodForMeal': ""{'dessert': False, 'latenight': True, 'lunch': None, 'dinner': True, 'brunch': False, 'breakfast': False}"", 'GoodForDancing': 'False', 'Ambience': ""{'touristy': False, 'hipster': False, 'romantic': False, 'divey': False, 'intimate': False, 'trendy': False, 'upscale': False, 'classy': True, 'casual': True}"", 'RestaurantsDelivery': 'True'}","American (New), Bars, Nightlife, Lounges, Restaurants","{'Monday': '16:0-19:0', 'Tuesday': '16:0-19:0', 'Wednesday': '16:0-19:0', 'Thursday': '16:0-19:0', 'Friday': '16:0-19:0', 'Saturday': '16:0-19:0', 'Sunday': '16:0-19:0'}",Restaurants
ZsA6o-uK1984HaEdP_qO-A,Stock Rittenhouse,1935 Chestnut St,Philadelphia,PA,19103,39.952201099999996,-75.1731727,3.5,100,0,"{'OutdoorSeating': 'False', 'RestaurantsTableService': 'False', 'NoiseLevel': ""u'quiet'"", 'BusinessAcceptsCreditCards': 'True', 'RestaurantsDelivery': 'True', 'Alcohol': ""u'none'"", 'BusinessParking': ""{'garage': True, 'street': None, 'validated': None, 'lot': False, 'valet': False}"", 'GoodForMeal': ""{'dessert': None, 'latenight': None, 'lunch': None, 'dinner': True, 'brunch': None, 'breakfast': None}"", 'HappyHour': 'False', 'Ambience': ""{'touristy': False, 'hipster': None, 'romantic': False, 'divey': False, 'intimate': None, 'trendy': True, 'upscale': False, 'classy': False, 'casual': True}"", 'RestaurantsPriceRange2': '2', 'HasTV': 'True', 'DogsAllowed': 'False', 'RestaurantsReservations': 'False', 'RestaurantsTakeOut': 'True'}","Thai, Restaurants, Soup, Food, Noodles, Vietnamese, American (New), Sandwiches, Coffee & Tea","{'Monday': '11:0-21:0', 'Tuesday': '11:0-21:0', 'Wednesday': '11:0-21:0', 'Thursday': '11:0-21:0', 'Friday': '11:0-21:0', 'Saturday': '11:0-21:0', 'Sunday': '11:0-21:0'}",Restaurants
ue3FLSX9zINnCInCw-ilEQ,Jade Palace,1714 S 5th St,Philadelphia,PA,19148,39.9268645,-75.1542417,5.0,6,1,"{'HasTV': 'True', 'RestaurantsDelivery': 'True'}","Restaurants, Chinese","{'Monday': '11:0-21:30', 'Tuesday': '11:0-21:30', 'Wednesday': '11:0-21:30', 'Thursday': '11:0-21:30', 'Friday': '11:0-21:30', 'Saturday': '11:0-21:30', 'Sunday': '11:0-21:0'}",Restaurants
hukc2ci6jkqzqADNqqq-eQ,Mike & Matt's Italian Market,1206 Mifflin St,Philadelphia,PA,19148,39.9262649,-75.1659695,4.5,14,1,"{'BusinessAcceptsCreditCards': 'True', 'BusinessParking': ""{'garage': False, 'street': True, 'validated': False, 'lot': False, 'valet': False}"", 'BikeParking': 'False', 'BusinessAcceptsBitcoin': 'False', 'RestaurantsTakeOut': 'True', 'Caters': 'True'}","Food, Grocery, Meat Shops, Specialty Food, Restaurants, Delis","{'Monday': '8:30-16:30', 'Tuesday': '8:30-16:30', 'Wednesday': '8:30-16:30', 'Thursday': '8:30-16:30', 'Friday': '8:30-16:30', 'Saturday': '8:30-16:0', 'Sunday': '8:30-13:0'}",Restaurants
0OsR9lO16jxa0xWUY57s9g,Koto Sushi,719 Sansom St,Philadelphia,PA,19106,39.9487051045,-75.1531596925,4.5,280,1,"{'GoodForKids': 'True', 'RestaurantsDelivery': 'True', 'BikeParking': 'True', 'Caters': 'True', 'RestaurantsAttire': ""u'casual'"", 'RestaurantsTakeOut': 'True', 'GoodForMeal': ""{'dessert': None, 'latenight': None, 'lunch': True, 'dinner': True, 'brunch': None, 'breakfast': False}"", 'HasTV': 'True', 'RestaurantsReservations': 'True', 'BusinessParking': ""{'garage': False, 'street': True, 'validated': False, 'lot': False, 'valet': False}"", 'WiFi': ""u'no'"", 'RestaurantsTableService': 'True', 'DogsAllowed': 'False', 'BusinessAcceptsCreditCards': 'True', 'RestaurantsPriceRange2': '2', 'Ambience': ""{u'divey': False, u'hipster': False, u'casual': True, u'touristy': False, u'trendy': None, u'intimate': True, u'romantic': False, u'classy': None, u'upscale': False}"", 'RestaurantsGoodForGroups': 'True', 'HappyHour': 'True', 'Alcohol': ""u'beer_and_wine'"", 'NoiseLevel': ""u'average'"", 'OutdoorSeating': 'False'}","Japanese, Restaurants, Salad, Sushi Bars","{'Monday': '11:0-21:0', 'Tuesday': '11:0-21:0', 'Wednesday': '11:0-21:0', 'Thursday': '11:0-21:0', 'Friday': '11:0-21:30', 'Saturday': '15:30-21:30', 'Sunday': '15:30-21:0'}",Restaurants
IzyQVIJG8JAnOiRQPb0-wg,Rione,102 S 21st St,Philadelphia,PA,19103,39.9520434,-75.1756387,4.5,208,1,"{'HasTV': 'True', 'Alcohol': ""u'none'"", 'RestaurantsAttire': ""u'casual'"", 'Ambience': ""{'touristy': False, 'hipster': False, 'romantic': False, 'divey': False, 'intimate': False, 'trendy': True, 'upscale': False, 'classy': False, 'casual': True}"", 'GoodForKids': 'True', 'BusinessAcceptsBitcoin': 'False', 'RestaurantsPriceRange2': '1', 'RestaurantsReservations': 'False', 'WheelchairAccessible': 'True', 'BusinessAcceptsCreditCards': 'True', 'GoodForMeal': ""{'dessert': False, 'latenight': False, 'lunch': True, 'dinner': True, 'brunch': False, 'breakfast': False}"", 'NoiseLevel': ""u'average'"", 'HappyHour': 'True', 'BikeParking': 'False', 'WiFi': ""u'free'"", 'RestaurantsGoodForGroups': 'True', 'RestaurantsTakeOut': 'True', 'Caters': 'True', 'RestaurantsTableService': 'False', 'OutdoorSeating': 'False', 'DogsAllowed': 'False', 'BusinessParking': ""{'garage': False, 'street': True, 'validated': False, 'lot': False, 'valet': False}"", 'RestaurantsDelivery': 'True'}","Food, Coffee & Tea, Pizza, Restaurants, Italian","{'Monday': '0:0-0:0', 'Tuesday': '11:30-20:0', 'Wednesday': '11:30-20:0', 'Thursday': '11:30-20:0', 'Friday': '11:30-16:0', 'Saturday': '12:0-20:0'}",Restaurants
ZXXCgGKY1z1An65yvAQ5dw,Burger.Org,326 South St,Philadelphia,PA,19147,39.941311,-75.148506,3.0,55,0,"{'RestaurantsTakeOut': 'True', 'RestaurantsGoodForGroups': 'True', 'RestaurantsReservations': 'True', 'Alcohol': ""u'none'"", 'NoiseLevel': ""u'average'"", 'BusinessAcceptsCreditCards': 'True', 'GoodForKids': 'True', 'OutdoorSeating': 'False', 'Caters': 'False', 'BusinessParking': ""{'garage': False, 'street': True, 'validated': False, 'lot': False, 'valet': False}"", 'RestaurantsAttire': ""u'casual'"", 'RestaurantsDelivery': 'True', 'RestaurantsPriceRange2': '2', 'Ambience': ""{'romantic': False, 'intimate': False, 'touristy': False, 'hipster': False, 'divey': False, 'classy': False, 'trendy': True, 'upscale': False, 'casual': True}"", 'WiFi': ""u'free'"", 'HasTV': 'False'}","Restaurants, Burgers","{'Monday': '11:0-21:0', 'Tuesday': '11:0-21:0', 'Wednesday': '11:0-21:0', 'Thursday': '11:0-21:0', 'Sunday': '11:0-21:0'}",Restaurants
khH0QtNyUjcExh9i2CwGfg,Serpico,604 South St,Philadelphia,PA,19147,39.9419068,-75.152643,4.0,419,0,"{'RestaurantsReservations': 'True', 'RestaurantsDelivery': 'False', 'Caters': 'False', 'RestaurantsPriceRange2': '3', 'Alcohol': ""u'full_bar'"", 'OutdoorSeating': 'False', 'HasTV': 'False', 'RestaurantsTakeOut': 'False', 'GoodForKids': 'False', 'RestaurantsAttire': ""u'casual'"", 'NoiseLevel': ""u'average'"", 'WiFi': ""u'no'"", 'BusinessAcceptsCreditCards': 'True', 'BikeParking': 'True', 'RestaurantsGoodForGroups': 'True', 'BusinessParking': ""{'garage': False, 'street': True, 'validated': False, 'lot': False, 'valet': False}"", 'GoodForMeal': ""{'dessert': False, 'latenight': False, 'lunch': False, 'dinner': True, 'brunch': False, 'breakfast': False}"", 'Ambience': ""{'touristy': False, 'hipster': False, 'romantic': False, 'divey': False, 'intimate': False, 'trendy': True, 'upscale': False, 'classy': True, 'casual': False}"", 'RestaurantsTableService': 'True', 'DogsAllowed': 'False', 'WheelchairAccessible': 'True'}","Restaurants, American (New)","{'Tuesday': '17:0-21:0', 'Wednesday': '17:0-21:0', 'Thursday': '17:0-21:0', 'Friday': '17:0-22:0', 'Saturday': '17:0-22:0', 'Sunday': '17:0-21:0'}",Restaurants
ZU0uAVRAACXmpy646M-8yQ,Privé,246 Market St,Philadelphia,PA,19106,39.9499982,-75.1455526,3.5,35,0,"{'OutdoorSeating': 'True', 'RestaurantsAttire': ""u'dressy'"", 'RestaurantsReservations': 'True', 'GoodForKids': 'False', 'RestaurantsDelivery': 'False', 'BusinessParking': ""{'garage': False, 'street': True, 'validated': False, 'lot': False, 'valet': False}"", 'BusinessAcceptsCreditCards': 'True', 'RestaurantsTakeOut': 'False', 'Alcohol': ""u'full_bar'"", 'RestaurantsGoodForGroups': 'True', 'RestaurantsPriceRange2': '3', 'HappyHour': 'True'}","Food, Beer, Wine & Spirits, Mediterranean, Restaurants, Greek",,Restaurants
AAvoBxeUwDnD5ThE9Cz6Fg,L'anima,1001 S 17th St,Philadelphia,PA,19146,39.9394700802,-75.1711999252,4.0,128,1,"{'RestaurantsTableService': 'True', 'RestaurantsGoodForGroups': 'True', 'BikeParking': 'True', 'BusinessParking': ""{'garage': False, 'street': True, 'validated': False, 'lot': False, 'valet': False}"", 'RestaurantsPriceRange2': '2', 'BusinessAcceptsBitcoin': 'False', 'RestaurantsReservations': 'True', 'RestaurantsTakeOut': 'True', 'WheelchairAccessible': 'True', 'NoiseLevel': ""u'average'"", 'HasTV': 'False', 'GoodForKids': 'True', 'Ambience': ""{'touristy': None, 'hipster': None, 'romantic': None, 'divey': None, 'intimate': None, 'trendy': None, 'upscale': None, 'classy': True, 'casual': True}"", 'WiFi': ""u'free'"", 'GoodForMeal': ""{'dessert': None, 'latenight': None, 'lunch': None, 'dinner': True, 'brunch': None, 'breakfast': None}"", 'BusinessAcceptsCreditCards': 'True', 'OutdoorSeating': 'True', 'Caters': 'True', 'RestaurantsDelivery': 'True', 'RestaurantsAttire': ""u'casual'"", 'Alcohol': ""u'none'"", 'DogsAllowed': 'True'}","Italian, Seafood, Mediterranean, Restaurants","{'Tuesday': '17:0-21:0', 'Wednesday': '17:0-21:0', 'Thursday': '17:0-21:0', 'Friday': '17:0-21:0', 'Saturday': '17:0-21:0', 'Sunday': '17:0-20:0'}",Restaurants
1fZSiIItAjn8JiDm9HUYvw,Home Cuban Cafe,17 N 3rd St,Philadelphia,PA,19106,39.9508207,-75.1453145,4.5,19,1,"{'BusinessParking': ""{u'valet': False, u'garage': False, u'street': True, u'lot': False, u'validated': False}"", 'WheelchairAccessible': 'False', 'RestaurantsTableService': 'True', 'BusinessAcceptsCreditCards': 'True', 'BusinessAcceptsBitcoin': 'False', 'RestaurantsReservations': 'False', 'RestaurantsTakeOut': 'True', 'DriveThru': 'False', 'Caters': 'False', 'OutdoorSeating': 'False', 'Alcohol': ""u'none'"", 'Ambience': ""{u'divey': None, u'hipster': None, u'casual': True, u'touristy': False, u'trendy': None, u'intimate': None, u'romantic': False, u'classy': None, u'upscale': None}"", 'WiFi': ""u'no'"", 'RestaurantsDelivery': 'True'}","Restaurants, Vegan, Cuban, Cafes, Breakfast & Brunch, Latin American, Caribbean","{'Tuesday': '7:0-15:0', 'Wednesday': '7:0-15:0', 'Thursday': '7:0-15:0', 'Friday': '17:0-21:0', 'Saturday': '7:0-15:0', 'Sunday': '7:0-15:0'}",Restaurants
SYJ_7skUPMHBPIWK88uM9w,Zuzu's Kitchen,1500 Ridge Ave,Philadelphia,PA,19130,39.9678965,-75.1620853,4.0,118,1,"{'RestaurantsGoodForGroups': 'False', 'RestaurantsAttire': ""'casual'"", 'RestaurantsTakeOut': 'True', 'Alcohol': ""u'none'"", 'BusinessAcceptsCreditCards': 'True', 'BikeParking': 'True', 'RestaurantsTableService': 'False', 'RestaurantsDelivery': 'True', 'HasTV': 'True', 'RestaurantsPriceRange2': '1', 'GoodForKids': 'True', 'NoiseLevel': ""u'quiet'"", 'GoodForMeal': ""{'dessert': None, 'latenight': None, 'lunch': True, 'dinner': True, 'brunch': None, 'breakfast': False}"", 'WiFi': ""'no'"", 'RestaurantsReservations': 'False', 'BusinessParking': ""{'garage': None, 'street': None, 'validated': None, 'lot': False, 'valet': False}"", 'OutdoorSeating': 'False', 'Caters': 'True', 'Ambience': ""{'touristy': False, 'hipster': False, 'romantic': False, 'divey': None, 'intimate': None, 'trendy': None, 'upscale': False, 'classy': False, 'casual': True}""}","Restaurants, Pizza, Salad, Sandwiches, Food Delivery Services, Food","{'Monday': '10:0-23:0', 'Tuesday': '10:0-23:0', 'Wednesday': '10:0-23:0', 'Thursday': '10:0-23:0', 'Friday': '10:0-23:0', 'Saturday': '10:0-23:0', 'Sunday': '11:0-23:0'}",Restaurants
L_sXNadtVHjxMw7Yhvkj9Q,Naoki Ramen,915 Race St,Philadelphia,PA,19107,39.955454,-75.1549,4.0,92,0,"{'WiFi': ""u'free'"", 'WheelchairAccessible': 'False', 'Ambience': ""{'romantic': False, 'intimate': False, 'classy': False, 'hipster': False, 'divey': False, 'touristy': False, 'trendy': False, 'upscale': False, 'casual': True}"", 'Caters': 'False', 'RestaurantsTableService': 'True', 'RestaurantsReservations': 'True', 'Alcohol': ""u'none'"", 'RestaurantsPriceRange2': '2', 'RestaurantsAttire': ""'casual'"", 'BikeParking': 'True', 'RestaurantsDelivery': 'False', 'RestaurantsTakeOut': 'True', 'BusinessAcceptsCreditCards': 'True', 'HasTV': 'True', 'NoiseLevel': ""'average'"", 'OutdoorSeating': 'False', 'GoodForMeal': ""{'dessert': False, 'latenight': False, 'lunch': True, 'dinner': True, 'brunch': False, 'breakfast': False}"", 'GoodForKids': 'True', 'BusinessParking': ""{'garage': False, 'street': True, 'validated': False, 'lot': False, 'valet': False}"", 'RestaurantsGoodForGroups': 'True'}","Ramen, Restaurants, Japanese","{'Monday': '11:0-22:0', 'Tuesday': '11:0-22:0', 'Wednesday': '11:0-22:0', 'Thursday': '11:0-22:0', 'Friday': '11:0-23:0', 'Saturday': '11:0-23:0', 'Sunday': '11:0-22:0'}",Restaurants
6CsLAjWXFlLpErBZEmGQ5g,Sky Cafe,1540 W Ritner St,Philadelphia,PA,19145,39.9208882,-75.173682,4.5,135,0,"{'RestaurantsAttire': ""u'casual'"", 'Alcohol': ""u'none'"", 'BusinessAcceptsCreditCards': 'False', 'GoodForKids': 'True', 'RestaurantsTakeOut': 'True', 'BusinessParking': ""{'garage': False, 'street': True, 'validated': False, 'lot': False, 'valet': False}"", 'RestaurantsDelivery': 'True', 'Caters': 'False', 'WiFi': ""u'no'"", 'NoiseLevel': ""u'average'"", 'RestaurantsPriceRange2': '1', 'HasTV': 'True', 'RestaurantsReservations': 'False', 'OutdoorSeating': 'False', 'Ambience': ""{'romantic': False, 'intimate': False, 'touristy': False, 'hipster': False, 'divey': False, 'classy': False, 'trendy': False, 'upscale': False, 'casual': True}"", 'BikeParking': 'True', 'RestaurantsGoodForGroups': 'True'}","Indonesian, Restaurants","{'Monday': '11:30-20:0', 'Tuesday': '11:30-20:0', 'Wednesday': '11:30-20:0', 'Friday': '11:30-20:0', 'Saturday': '11:0-21:0', 'Sunday': '11:0-20:0'}",Restaurants
oDlF5bfcQrYkjK4D4_Nw9A,Fitzwater Cafe,728 S 7th St,Philadelphia,PA,19147,39.9405063,-75.1545227,4.0,240,1,"{'Ambience': ""{'romantic': False, 'intimate': False, 'touristy': False, 'hipster': False, 'divey': False, 'classy': False, 'trendy': False, 'upscale': False, 'casual': True}"", 'RestaurantsReservations': 'False', 'RestaurantsAttire': ""'casual'"", 'BusinessParking': ""{'garage': False, 'street': False, 'validated': False, 'lot': True, 'valet': False}"", 'GoodForKids': 'True', 'RestaurantsTakeOut': 'True', 'NoiseLevel': ""u'average'"", 'Alcohol': ""'none'"", 'BusinessAcceptsCreditCards': 'False', 'RestaurantsPriceRange2': '2', 'WiFi': ""u'no'"", 'BikeParking': 'True', 'Caters': 'False', 'HasTV': 'True', 'RestaurantsGoodForGroups': 'True', 'RestaurantsDelivery': 'True', 'GoodForMeal': ""{u'breakfast': True, u'brunch': True, u'lunch': None, u'dinner': False, u'latenight': False, u'dessert': False}"", 'OutdoorSeating': 'True'}","Food, Restaurants, Italian, Desserts, Coffee & Tea, Cafes, Sandwiches, Breakfast & Brunch","{'Monday': '8:0-14:45', 'Tuesday': '8:0-14:45', 'Wednesday': '8:0-14:45', 'Thursday': '8:0-14:45', 'Friday': '8:0-14:45', 'Saturday': '8:0-14:45', 'Sunday': '8:0-14:45'}",Restaurants
V_8ReSppc0WFB4hZbh94WA,Django,526 S 4th St,Philadelphia,PA,19147,39.941934,-75.149329,4.0,19,0,"{'Corkage': 'False', 'RestaurantsGoodForGroups': 'False', 'RestaurantsPriceRange2': '3', 'BusinessAcceptsCreditCards': 'True', 'BYOBCorkage': ""'yes_free'"", 'RestaurantsAttire': ""'casual'"", 'BusinessParking': ""{'garage': False, 'street': True, 'validated': False, 'lot': False, 'valet': False}"", 'RestaurantsTakeOut': 'False', 'OutdoorSeating': 'False', 'RestaurantsReservations': 'True', 'Alcohol': ""'none'"", 'GoodForKids': 'False', 'RestaurantsDelivery': 'False'}","Restaurants, American (New)","{'Monday': '17:30-22:0', 'Tuesday': '17:30-22:0', 'Wednesday': '17:30-22:0', 'Thursday': '17:30-22:0', 'Friday': '17:30-22:0', 'Saturday': '17:30-22:0', 'Sunday': '17:30-21:0'}",Restaurants
WqyUnIA7PMUZbUZCtmZtXA,Toll Man Joe's,26 E Oregon Ave,Philadelphia,PA,19148,39.913631,-75.148795,4.0,56,0,"{'Alcohol': ""u'full_bar'"", 'Music': ""{'dj': False, 'background_music': False, 'no_music': False, 'jukebox': False, 'live': True, 'video': False, 'karaoke': False}"", 'BikeParking': 'True', 'BusinessAcceptsCreditCards': 'True', 'BestNights': ""{'monday': False, 'tuesday': False, 'friday': True, 'wednesday': True, 'thursday': False, 'sunday': False, 'saturday': True}"", 'CoatCheck': 'False', 'RestaurantsTakeOut': 'True', 'Smoking': ""u'outdoor'"", 'HappyHour': 'True', 'RestaurantsReservations': 'True', 'BusinessParking': ""{'garage': False, 'street': None, 'validated': False, 'lot': True, 'valet': False}"", 'WiFi': ""u'free'"", 'NoiseLevel': ""u'loud'"", 'GoodForDancing': 'True', 'GoodForKids': 'True', 'GoodForMeal': ""{'dessert': None, 'latenight': None, 'lunch': True, 'dinner': True, 'brunch': None, 'breakfast': None}"", 'RestaurantsPriceRange2': '2', 'WheelchairAccessible': 'True', 'OutdoorSeating': 'True', 'HasTV': 'True', 'RestaurantsDelivery': 'True', 'RestaurantsGoodForGroups': 'True', 'RestaurantsTableService': 'True', 'RestaurantsAttire': ""'casual'"", 'Caters': 'True', 'Ambience': ""{'touristy': False, 'hipster': False, 'romantic': False, 'divey': False, 'intimate': False, 'trendy': False, 'upscale': False, 'classy': True, 'casual': False}""}","Music Venues, Sports Bars, Bars, Arts & Entertainment, Chicken Wings, Nightlife, Restaurants","{'Monday': '0:0-0:0', 'Wednesday': '14:0-19:0', 'Thursday': '14:0-19:0', 'Friday': '12:0-20:0', 'Saturday': '12:0-20:0', 'Sunday': '14:0-19:0'}",Restaurants
IL1t53JLx3Gu0rUB4P50EQ,Tiramisu,1519 Walnut St,Philadelphia,PA,19102,39.9499551,-75.1668474,3.5,49,0,"{'GoodForKids': 'False', 'NoiseLevel': ""u'average'"", 'RestaurantsAttire': ""'dressy'"", 'RestaurantsDelivery': 'False', 'BusinessAcceptsCreditCards': 'True', 'Caters': 'True', 'RestaurantsGoodForGroups': 'True', 'OutdoorSeating': 'False', 'Alcohol': ""'full_bar'"", 'WiFi': ""u'no'"", 'RestaurantsTakeOut': 'False', 'RestaurantsReservations': 'True', 'RestaurantsPriceRange2': '3', 'HasTV': 'False', 'Ambience': ""{'touristy': False, 'hipster': False, 'romantic': False, 'divey': False, 'intimate': False, 'trendy': False, 'upscale': False, 'classy': False, 'casual': False}"", 'BusinessParking': ""{'garage': False, 'street': True, 'validated': True, 'lot': False, 'valet': True}""}","Restaurants, Italian","{'Monday': '17:0-23:0', 'Tuesday': '17:0-23:0', 'Wednesday': '17:0-23:0', 'Thursday': '17:0-23:0', 'Friday': '17:0-0:0', 'Saturday': '17:0-0:0', 'Sunday': '17:0-0:0'}",Restaurants
f3OgQPvMMNaOtCpzrdsiHQ,May's Gourmet Cafe & Deli,1845 Christian St,Philadelphia,PA,19146,39.941199,-75.174033,3.5,22,0,"{'RestaurantsTakeOut': 'True', 'BusinessAcceptsCreditCards': 'True', 'GoodForKids': 'True', 'RestaurantsGoodForGroups': 'False', 'RestaurantsPriceRange2': '1', 'NoiseLevel': ""u'quiet'"", 'Ambience': ""{'romantic': False, 'intimate': False, 'touristy': False, 'hipster': False, 'divey': False, 'classy': False, 'trendy': False, 'upscale': False, 'casual': False}"", 'Alcohol': ""u'none'"", 'RestaurantsAttire': ""u'casual'"", 'HasTV': 'True', 'BusinessParking': ""{'garage': False, 'street': True, 'validated': False, 'lot': False, 'valet': False}"", 'RestaurantsReservations': 'False', 'WiFi': ""u'no'"", 'RestaurantsDelivery': 'False', 'OutdoorSeating': 'True'}","Delis, Sandwiches, Restaurants","{'Monday': '7:0-21:0', 'Tuesday': '7:0-21:0', 'Wednesday': '7:0-21:0', 'Thursday': '7:0-21:0', 'Friday': '7:0-21:0', 'Saturday': '7:0-21:0', 'Sunday': '7:0-21:0'}",Restaurants
xbaxgLzJEM7AtrNJCPhkmg,Odd Fellows Café,1201 Spruce St,Philadelphia,PA,19107,39.9467659,-75.1611269,3.5,50,0,"{'BusinessParking': ""{'garage': False, 'street': True, 'validated': False, 'lot': False, 'valet': False}"", 'RestaurantsAttire': ""u'casual'"", 'Ambience': ""{'romantic': False, 'intimate': False, 'touristy': False, 'hipster': False, 'divey': False, 'classy': False, 'trendy': False, 'upscale': False, 'casual': True}"", 'WiFi': ""u'no'"", 'BusinessAcceptsCreditCards': 'True', 'RestaurantsReservations': 'False', 'Alcohol': ""u'none'"", 'RestaurantsPriceRange2': '2', 'HasTV': 'False', 'GoodForKids': 'False', 'RestaurantsDelivery': 'False', 'RestaurantsTakeOut': 'True', 'OutdoorSeating': 'True', 'RestaurantsGoodForGroups': 'True', 'Caters': 'False', 'NoiseLevel': ""u'average'""}","Latin American, Cafes, Restaurants","{'Monday': '7:0-17:0', 'Tuesday': '7:0-17:0', 'Wednesday': '7:0-17:0', 'Thursday': '7:0-17:0', 'Friday': '7:0-18:0', 'Saturday': '7:0-18:0', 'Sunday': '7:0-17:0'}",Restaurants
69ke4OmxhjG6-7L_rhc-mQ,Little John's Pizza,161 N 21st St,Philadelphia,PA,19103,39.957553,-75.17403,3.5,17,0,"{'RestaurantsGoodForGroups': 'False', 'Ambience': ""{'romantic': False, 'intimate': False, 'touristy': False, 'hipster': False, 'divey': False, 'classy': False, 'trendy': False, 'upscale': False, 'casual': False}"", 'RestaurantsReservations': 'False', 'RestaurantsTakeOut': 'True', 'GoodForKids': 'True', 'Alcohol': ""u'none'"", 'HasTV': 'True', 'OutdoorSeating': 'False', 'Caters': 'True', 'RestaurantsDelivery': 'True', 'RestaurantsPriceRange2': '1', 'NoiseLevel': ""u'average'"", 'RestaurantsAttire': ""u'casual'"", 'BusinessParking': ""{'garage': False, 'street': False, 'validated': False, 'lot': False, 'valet': False}"", 'BusinessAcceptsCreditCards': 'True'}","Event Planning & Services, Caterers, Restaurants, Pizza, Cheesesteaks","{'Monday': '11:0-23:0', 'Tuesday': '11:0-23:0', 'Wednesday': '11:0-23:0', 'Thursday': '11:0-23:0', 'Friday': '11:0-23:0', 'Saturday': '11:0-23:0', 'Sunday': '11:0-22:0'}",Restaurants
n5TNfoXg1i8wX5R3iY4WUA,Cinder Copper & Lace,1500 Locust St,Philadelphia,PA,19102,39.9482528775,-75.1666254178,3.5,157,0,"{'BusinessParking': ""{'garage': True, 'street': True, 'validated': False, 'lot': False, 'valet': False}"", 'RestaurantsTakeOut': 'True', 'RestaurantsTableService': 'True', 'RestaurantsGoodForGroups': 'True', 'HappyHour': 'True', 'BusinessAcceptsBitcoin': 'False', 'GoodForMeal': ""{'dessert': False, 'latenight': False, 'lunch': False, 'dinner': True, 'brunch': False, 'breakfast': False}"", 'Caters': 'False', 'RestaurantsDelivery': 'False', 'RestaurantsPriceRange2': '2', 'OutdoorSeating': 'True', 'BestNights': ""{'monday': False, 'tuesday': False, 'friday': True, 'wednesday': True, 'thursday': True, 'sunday': False, 'saturday': False}"", 'Alcohol': ""u'full_bar'"", 'WiFi': ""u'free'"", 'HasTV': 'True', 'WheelchairAccessible': 'True', 'Music': ""{'dj': False, 'background_music': False, 'no_music': False, 'jukebox': False, 'live': False, 'video': False, 'karaoke': False}"", 'BusinessAcceptsCreditCards': 'True', 'RestaurantsAttire': ""'casual'"", 'Ambience': ""{'touristy': False, 'hipster': False, 'romantic': False, 'divey': False, 'intimate': False, 'trendy': True, 'upscale': False, 'classy': True, 'casual': True}"", 'NoiseLevel': ""u'average'"", 'Smoking': ""u'no'"", 'RestaurantsReservations': 'True', 'BikeParking': 'True', 'CoatCheck': 'False', 'GoodForDancing': 'False', 'DogsAllowed': 'False', 'GoodForKids': 'False'}","Beer, Wine & Spirits, Beer Bar, Pizza, Restaurants, Italian, Nightlife, Bars, Salad, Food, Breakfast & Brunch","{'Monday': '12:0-2:0', 'Tuesday': '12:0-2:0', 'Wednesday': '12:0-2:0', 'Thursday': '12:0-2:0', 'Friday': '12:0-2:0', 'Saturday': '10:0-2:0', 'Sunday': '10:0-2:0'}",Restaurants
EbH3eLngUakDg24XjaA5Ow,Happy Buffet,2210 W Oregon Ave,Philadelphia,PA,19145,39.9182916,-75.1851187,2.5,15,0,"{'Caters': 'False', 'RestaurantsTakeOut': 'True', 'Alcohol': ""u'none'"", 'BusinessAcceptsCreditCards': 'True', 'RestaurantsGoodForGroups': 'True', 'RestaurantsPriceRange2': '2', 'Ambience': ""{'romantic': False, 'intimate': False, 'touristy': False, 'hipster': False, 'divey': False, 'classy': False, 'trendy': False, 'upscale': False, 'casual': True}"", 'BusinessParking': ""{'garage': False, 'street': False, 'validated': False, 'lot': False, 'valet': False}"", 'NoiseLevel': ""u'average'"", 'OutdoorSeating': 'False', 'GoodForKids': 'True', 'RestaurantsAttire': ""u'casual'""}","Food, Buffets, Restaurants",,Restaurants
WdQuggXokCWfYhGylPYhIg,City Diner,521 South Broad St,Philadelphia,PA,19147,39.9438210063,-75.1653108001,3.5,176,0,"{'RestaurantsGoodForGroups': 'True', 'RestaurantsAttire': ""'casual'"", 'RestaurantsTakeOut': 'True', 'RestaurantsPriceRange2': '2', 'BikeParking': 'False', 'CoatCheck': 'False', 'HasTV': 'True', 'RestaurantsTableService': 'True', 'GoodForMeal': ""{'dessert': True, 'latenight': False, 'lunch': True, 'dinner': True, 'brunch': True, 'breakfast': True}"", 'OutdoorSeating': 'False', 'DogsAllowed': 'False', 'RestaurantsReservations': 'True', 'Smoking': ""u'no'"", 'HappyHour': 'True', 'GoodForDancing': 'False', 'BusinessAcceptsCreditCards': 'True', 'NoiseLevel': ""u'average'"", 'BusinessParking': ""{'garage': None, 'street': True, 'validated': None, 'lot': False, 'valet': False}"", 'Ambience': ""{'touristy': False, 'hipster': None, 'romantic': None, 'divey': False, 'intimate': None, 'trendy': False, 'upscale': False, 'classy': False, 'casual': True}"", 'GoodForKids': 'True', 'WiFi': ""u'free'"", 'Alcohol': ""'full_bar'"", 'Music': ""{'dj': False, 'background_music': False, 'no_music': False, 'jukebox': False, 'live': False, 'video': False, 'karaoke': None}"", 'BestNights': ""{'monday': False, 'tuesday': False, 'friday': False, 'wednesday': False, 'thursday': False, 'sunday': False, 'saturday': True}"", 'RestaurantsDelivery': 'None'}","Breakfast & Brunch, Cocktail Bars, Bars, Nightlife, Restaurants, Diners","{'Monday': '8:0-23:0', 'Tuesday': '8:0-23:0', 'Wednesday': '8:0-23:0', 'Thursday': '8:0-23:0', 'Friday': '8:0-23:0', 'Saturday': '8:0-23:0', 'Sunday': '8:0-23:0'}",Restaurants
c7TanwrkujM7GAE43H4kwg,Hummus Republic,115 S 18th St,Philadelphia,PA,19103,39.9512515918,-75.1702611521,4.0,65,0,"{'RestaurantsPriceRange2': '1', 'BikeParking': 'True', 'NoiseLevel': ""'quiet'"", 'Alcohol': ""u'none'"", 'BusinessParking': ""{'garage': False, 'street': True, 'validated': False, 'lot': False, 'valet': False}"", 'RestaurantsTakeOut': 'True', 'Ambience': ""{'touristy': False, 'hipster': False, 'romantic': False, 'divey': False, 'intimate': False, 'trendy': True, 'upscale': False, 'classy': False, 'casual': True}"", 'OutdoorSeating': 'True', 'BusinessAcceptsCreditCards': 'True', 'GoodForMeal': ""{'dessert': False, 'latenight': False, 'lunch': True, 'dinner': True, 'brunch': False, 'breakfast': False}"", 'DogsAllowed': 'True', 'GoodForKids': 'True', 'BusinessAcceptsBitcoin': 'True', 'RestaurantsGoodForGroups': 'True', 'WheelchairAccessible': 'True', 'WiFi': ""u'no'"", 'Caters': 'True', 'ByAppointmentOnly': 'False', 'RestaurantsReservations': 'False', 'RestaurantsAttire': ""'casual'"", 'HasTV': 'False', 'RestaurantsDelivery': 'None', 'RestaurantsTableService': 'False'}","Mediterranean, Wraps, Vegetarian, Vegan, Salad, Restaurants","{'Monday': '0:0-0:0', 'Tuesday': '11:0-20:0', 'Wednesday': '11:0-20:0', 'Thursday': '11:0-20:0', 'Friday': '11:0-20:0', 'Saturday': '11:0-20:0'}",Restaurants
eJaeTZlIdM3HWCq__Ve4Wg,Tria Cafe Rittenhouse,123 S 18th St,Philadelphia,PA,19103,39.9509483,-75.1704197,4.5,880,1,"{'HasTV': 'False', 'WiFi': ""u'free'"", 'RestaurantsAttire': ""'casual'"", 'OutdoorSeating': 'True', 'GoodForKids': 'False', 'Alcohol': ""'beer_and_wine'"", 'BusinessAcceptsCreditCards': 'True', 'NoiseLevel': ""u'average'"", 'BestNights': ""{'monday': False, 'tuesday': False, 'friday': True, 'wednesday': False, 'thursday': False, 'sunday': True, 'saturday': True}"", 'BYOBCorkage': ""'no'"", 'Caters': 'False', 'BusinessAcceptsBitcoin': 'False', 'RestaurantsReservations': 'True', 'WheelchairAccessible': 'False', 'Ambience': ""{'touristy': False, 'hipster': False, 'romantic': False, 'divey': False, 'intimate': False, 'trendy': True, 'upscale': False, 'classy': True, 'casual': False}"", 'HappyHour': 'False', 'ByAppointmentOnly': 'False', 'Smoking': ""u'no'"", 'DogsAllowed': 'True', 'GoodForMeal': ""{'dessert': False, 'latenight': None, 'lunch': None, 'dinner': None, 'brunch': False, 'breakfast': False}"", 'CoatCheck': 'True', 'RestaurantsTableService': 'True', 'RestaurantsDelivery': 'True', 'RestaurantsTakeOut': 'True', 'BusinessParking': ""{'garage': False, 'street': True, 'validated': False, 'lot': False, 'valet': False}"", 'Music': ""{'dj': False, 'background_music': False, 'no_music': False, 'jukebox': False, 'live': False, 'video': False, 'karaoke': False}"", 'GoodForDancing': 'False', 'RestaurantsGoodForGroups': 'True', 'BikeParking': 'True', 'RestaurantsPriceRange2': '3'}","French, Spanish, Tapas Bars, Cafes, Restaurants, Wine Bars, Modern European, Bars, Nightlife, Italian, Comedy Clubs, Greek, American (New)","{'Monday': '14:0-20:0', 'Tuesday': '16:0-21:0', 'Wednesday': '16:0-21:0', 'Thursday': '16:0-21:0', 'Friday': '12:0-22:0', 'Saturday': '12:0-22:0', 'Sunday': '12:0-20:0'}",Restaurants
5iuo1kvv0XZMS0bUOoLz2Q,Bistro St. Tropez,"2400 Market St, Ste 427",Philadelphia,PA,19103,39.9535919923,-75.1794226902,3.5,163,0,"{'BusinessAcceptsCreditCards': 'True', 'RestaurantsDelivery': 'True', 'RestaurantsAttire': ""'casual'"", 'RestaurantsReservations': 'True', 'RestaurantsTakeOut': 'True', 'OutdoorSeating': 'False', 'Alcohol': ""'full_bar'"", 'Ambience': ""{'romantic': True, 'intimate': False, 'touristy': False, 'hipster': False, 'divey': False, 'classy': False, 'trendy': False, 'upscale': False, 'casual': False}"", 'RestaurantsGoodForGroups': 'True', 'HasTV': 'False', 'BusinessParking': ""{'garage': False, 'street': True, 'validated': False, 'lot': False, 'valet': False}"", 'GoodForKids': 'False', 'NoiseLevel': ""u'quiet'"", 'WiFi': ""u'no'"", 'RestaurantsPriceRange2': '2', 'BikeParking': 'True', 'Caters': 'True'}","Restaurants, French","{'Monday': '11:30-15:0', 'Tuesday': '11:30-15:0', 'Wednesday': '17:30-21:30', 'Thursday': '17:30-21:30', 'Friday': '17:30-22:30', 'Saturday': '17:30-22:30'}",Restaurants
CLO__1OoB4FGWKlwhJGYQQ,City Gourmet Deli,444 N 4th St,Philadelphia,PA,19123,39.9590979,-75.1453995,3.0,11,0,"{'RestaurantsGoodForGroups': 'True', 'BusinessParking': ""{'garage': False, 'street': True, 'validated': False, 'lot': False, 'valet': False}"", 'RestaurantsDelivery': 'True', 'RestaurantsTakeOut': 'True', 'Caters': 'True', 'WiFi': ""u'no'"", 'BusinessAcceptsCreditCards': 'True', 'GoodForKids': 'True', 'NoiseLevel': ""u'average'"", 'Alcohol': ""u'none'"", 'RestaurantsAttire': ""'casual'"", 'RestaurantsReservations': 'False', 'HasTV': 'True', 'RestaurantsPriceRange2': '1', 'BikeParking': 'True', 'Ambience': ""{'touristy': False, 'hipster': False, 'romantic': False, 'divey': False, 'intimate': False, 'trendy': False, 'upscale': False, 'classy': False, 'casual': False}"", 'OutdoorSeating': 'False'}","Delis, Restaurants, Sandwiches","{'Monday': '7:0-19:30', 'Tuesday': '7:0-19:30', 'Wednesday': '7:0-19:30', 'Thursday': '7:0-19:30', 'Friday': '7:0-17:30', 'Saturday': '9:0-15:45', 'Sunday': '10:0-15:30'}",Restaurants
PmFBiD-KW4U_L1MS9qcIUQ,Wolf Street Pizza & Grill,2135 Wolf St,Philadelphia,PA,19145,39.92358,-75.182575,2.0,134,1,"{'GoodForKids': 'True', 'RestaurantsTakeOut': 'True', 'RestaurantsPriceRange2': '1', 'RestaurantsDelivery': 'True', 'RestaurantsReservations': 'False', 'OutdoorSeating': 'False', 'NoiseLevel': ""u'very_loud'"", 'Caters': 'True', 'WiFi': ""u'no'"", 'HasTV': 'True', 'BusinessAcceptsCreditCards': 'True', 'RestaurantsGoodForGroups': 'False', 'Alcohol': ""u'none'"", 'BikeParking': 'False', 'BusinessAcceptsBitcoin': 'False', 'GoodForMeal': ""{'dessert': False, 'latenight': True, 'lunch': True, 'dinner': True, 'brunch': None, 'breakfast': None}"", 'BusinessParking': ""{'garage': None, 'street': None, 'validated': False, 'lot': False, 'valet': False}"", 'RestaurantsAttire': ""u'formal'"", 'RestaurantsTableService': 'False', 'Corkage': 'False', 'DogsAllowed': 'False', 'Ambience': ""{'touristy': False, 'hipster': None, 'romantic': False, 'divey': None, 'intimate': False, 'trendy': None, 'upscale': None, 'classy': None, 'casual': None}"", 'WheelchairAccessible': 'True', 'BYOB': 'False'}","Pizza, Restaurants","{'Monday': '9:30-22:45', 'Tuesday': '9:30-22:45', 'Wednesday': '9:30-22:45', 'Thursday': '9:30-22:45', 'Friday': '9:30-0:45', 'Saturday': '9:30-0:45', 'Sunday': '9:30-22:45'}",Restaurants
-RckAAIJ-_KH0AzqrekYuw,M2O Burgers & Salads,701 S 5th St,Philadelphia,PA,19147,39.9403662,-75.1508793,4.0,111,1,"{'WiFi': ""u'free'"", 'BusinessParking': ""{'garage': False, 'street': True, 'validated': False, 'lot': False, 'valet': False}"", 'Caters': 'False', 'HasTV': 'True', 'RestaurantsReservations': 'False', 'BusinessAcceptsBitcoin': 'False', 'Alcohol': ""u'none'"", 'NoiseLevel': ""'average'"", 'RestaurantsTableService': 'False', 'WheelchairAccessible': 'True', 'BikeParking': 'True', 'BusinessAcceptsCreditCards': 'True', 'OutdoorSeating': 'True', 'DriveThru': 'False', 'RestaurantsGoodForGroups': 'True', 'RestaurantsTakeOut': 'True', 'RestaurantsDelivery': 'True', 'GoodForMeal': ""{u'breakfast': None, u'brunch': None, u'lunch': None, u'dinner': True, u'latenight': None, u'dessert': None}"", 'Ambience': ""{u'divey': False, u'hipster': None, u'casual': True, u'touristy': False, u'trendy': None, u'intimate': False, u'romantic': False, u'classy': False, u'upscale': False}"", 'RestaurantsPriceRange2': '1', 'GoodForKids': 'True', 'RestaurantsAttire': ""'casual'""}","Juice Bars & Smoothies, Salad, Restaurants, Food, Burgers, American (Traditional)","{'Monday': '10:30-20:30', 'Tuesday': '10:30-20:30', 'Wednesday': '10:30-20:30', 'Thursday': '10:30-20:30', 'Friday': '10:30-21:0', 'Saturday': '10:30-21:0', 'Sunday': '10:30-20:0'}",Restaurants
L3V21nAe-CicW2bvtNWa0g,Mixx Japanese Cuisine and Noodle Bar,1002 Arch St,Philadelphia,PA,19107,39.953333,-75.156571,3.0,118,0,"{'RestaurantsGoodForGroups': 'True', 'RestaurantsAttire': ""u'casual'"", 'Ambience': ""{'romantic': False, 'intimate': False, 'classy': False, 'hipster': False, 'divey': False, 'touristy': False, 'trendy': False, 'upscale': False, 'casual': False}"", 'GoodForKids': 'True', 'RestaurantsTakeOut': 'True', 'BusinessParking': ""{'garage': False, 'street': False, 'validated': False, 'lot': False, 'valet': False}"", 'BusinessAcceptsCreditCards': 'True', 'RestaurantsPriceRange2': '2', 'RestaurantsDelivery': 'True', 'NoiseLevel': ""u'average'"", 'Alcohol': ""u'full_bar'"", 'HasTV': 'True', 'OutdoorSeating': 'False'}","Sushi Bars, Restaurants, Japanese, Asian Fusion","{'Monday': '11:0-22:30', 'Tuesday': '11:0-22:30', 'Wednesday': '11:0-22:30', 'Thursday': '11:0-22:30', 'Friday': '11:0-23:0', 'Saturday': '11:0-23:0', 'Sunday': '12:0-22:0'}",Restaurants
hT9weRMZuJjl6Ca1EskmNA,Pete's Famous Pizza,116 N 21st St,Philadelphia,PA,19103,39.9563482,-75.1747505,3.5,228,1,"{'NoiseLevel': ""u'average'"", 'RestaurantsReservations': 'False', 'HasTV': 'True', 'RestaurantsTakeOut': 'True', 'Ambience': ""{'romantic': False, 'intimate': False, 'touristy': False, 'hipster': False, 'divey': False, 'classy': False, 'trendy': False, 'upscale': False, 'casual': True}"", 'Caters': 'True', 'RestaurantsAttire': ""u'casual'"", 'RestaurantsDelivery': 'True', 'Alcohol': ""'beer_and_wine'"", 'RestaurantsPriceRange2': '1', 'BusinessAcceptsCreditCards': 'True', 'BikeParking': 'True', 'OutdoorSeating': 'True', 'GoodForKids': 'True', 'RestaurantsGoodForGroups': 'True', 'DogsAllowed': 'False', 'HappyHour': 'True', 'GoodForMeal': ""{'dessert': False, 'latenight': False, 'lunch': True, 'dinner': True, 'brunch': False, 'breakfast': False}"", 'BusinessParking': ""{'garage': False, 'street': True, 'validated': False, 'lot': False, 'valet': False}"", 'WiFi': ""'no'""}","Food, Restaurants, Specialty Food, Pasta Shops, Pizza, Chicken Wings, Food Delivery Services","{'Monday': '10:0-23:0', 'Tuesday': '10:0-23:0', 'Wednesday': '10:0-23:0', 'Thursday': '10:0-23:0', 'Friday': '10:0-0:0', 'Saturday': '8:0-0:0', 'Sunday': '8:0-23:0'}",Restaurants
gEX_kEhYgvLKGJtlY45BmQ,Rangoon Burmese Restaurant,112 N 9th St,Philadelphia,PA,19107,39.953909,-75.1547889,4.0,612,0,"{'RestaurantsAttire': ""'casual'"", 'Alcohol': ""u'beer_and_wine'"", 'OutdoorSeating': 'False', 'GoodForKids': 'True', 'BusinessAcceptsCreditCards': 'True', 'BikeParking': 'True', 'NoiseLevel': ""u'quiet'"", 'RestaurantsGoodForGroups': 'True', 'RestaurantsPriceRange2': '2', 'RestaurantsTakeOut': 'True', 'Caters': 'False', 'WiFi': ""u'no'"", 'Ambience': ""{'touristy': False, 'hipster': False, 'romantic': False, 'divey': False, 'intimate': False, 'trendy': False, 'upscale': False, 'classy': True, 'casual': True}"", 'DogsAllowed': 'False', 'RestaurantsTableService': 'True', 'GoodForMeal': ""{'dessert': False, 'latenight': False, 'lunch': True, 'dinner': True, 'brunch': False, 'breakfast': False}"", 'BusinessParking': ""{'garage': False, 'street': True, 'validated': False, 'lot': True, 'valet': False}"", 'RestaurantsReservations': 'False', 'HappyHour': 'False', 'RestaurantsDelivery': 'None', 'HasTV': 'True'}","Burmese, Restaurants","{'Monday': '11:30-21:0', 'Tuesday': '11:30-21:0', 'Wednesday': '11:30-21:0', 'Thursday': '11:30-21:0', 'Friday': '11:30-22:0', 'Saturday': '11:30-22:0', 'Sunday': '11:30-21:0'}",Restaurants
FsVo3IKsjTC-2vhuSlvz2w,Q Lounge,1234 Locust St,Philadelphia,PA,19107,39.947843,-75.161687,3.0,10,0,"{'RestaurantsPriceRange2': '2', 'GoodForKids': 'False', 'Alcohol': ""u'full_bar'"", 'OutdoorSeating': 'True', 'RestaurantsReservations': 'True', 'BusinessAcceptsCreditCards': 'True', 'RestaurantsAttire': ""u'casual'"", 'RestaurantsDelivery': 'False', 'BusinessParking': ""{'garage': False, 'street': False, 'validated': False, 'lot': False, 'valet': False}"", 'RestaurantsGoodForGroups': 'True', 'RestaurantsTakeOut': 'False'}","American (Traditional), Lounges, Restaurants, Breakfast & Brunch, Nightlife, Gay Bars, Bars",,Restaurants
oK4108Qg_mAccEbRb41o1Q,Isabel,"2601 Pennsylvania Ave, Ste 5",Philadelphia,PA,19130,39.9687718,-75.1807705,3.5,107,0,"{'RestaurantsDelivery': 'True', 'Ambience': ""{'romantic': False, 'intimate': False, 'touristy': False, 'hipster': False, 'divey': False, 'classy': False, 'trendy': False, 'upscale': False, 'casual': True}"", 'RestaurantsPriceRange2': '2', 'RestaurantsGoodForGroups': 'True', 'BusinessParking': ""{'garage': False, 'street': True, 'validated': False, 'lot': False, 'valet': False}"", 'RestaurantsTakeOut': 'True', 'Alcohol': ""u'none'"", 'WiFi': ""u'no'"", 'RestaurantsAttire': ""u'casual'"", 'NoiseLevel': ""u'average'"", 'OutdoorSeating': 'True', 'BusinessAcceptsCreditCards': 'True', 'RestaurantsReservations': 'True', 'HasTV': 'False', 'Caters': 'False', 'BikeParking': 'True', 'GoodForKids': 'False'}","Restaurants, Tex-Mex, Mexican","{'Monday': '17:0-22:0', 'Tuesday': '17:0-22:0', 'Wednesday': '17:0-22:0', 'Thursday': '17:0-22:0', 'Friday': '17:0-23:0', 'Saturday': '17:0-23:0', 'Sunday': '17:0-22:0'}",Restaurants
Ippv_wErDDItMRwmu1de3g,Nick's Charcoal Pit,1242 Snyder Ave,Philadelphia,PA,19148,39.923904,-75.1674547,3.5,138,1,"{'Alcohol': ""u'none'"", 'RestaurantsReservations': 'False', 'BusinessAcceptsCreditCards': 'True', 'BYOBCorkage': ""'no'"", 'RestaurantsDelivery': 'True', 'RestaurantsPriceRange2': '2', 'RestaurantsAttire': ""'casual'"", 'GoodForKids': 'True', 'RestaurantsGoodForGroups': 'False', 'Caters': 'True', 'RestaurantsTakeOut': 'True', 'BusinessParking': ""{'garage': False, 'street': True, 'validated': False, 'lot': False, 'valet': False}"", 'OutdoorSeating': 'False', 'HasTV': 'True', 'NoiseLevel': ""u'average'"", 'GoodForMeal': ""{'dessert': False, 'latenight': False, 'lunch': True, 'dinner': True, 'brunch': False, 'breakfast': False}"", 'Ambience': ""{'romantic': False, 'intimate': False, 'touristy': False, 'hipster': False, 'divey': False, 'classy': False, 'trendy': False, 'upscale': False, 'casual': True}"", 'BikeParking': 'True', 'WiFi': ""u'no'""}","Restaurants, Barbeque","{'Monday': '11:0-22:0', 'Tuesday': '11:0-22:0', 'Wednesday': '11:0-22:0', 'Thursday': '11:0-22:0', 'Friday': '11:0-23:0', 'Saturday': '12:0-23:0', 'Sunday': '12:0-22:0'}",Restaurants
4BKKBx50oZaEczazjZ1ZEQ,OCF Coffee House,2930 Chestnut St,Philadelphia,PA,19104,39.9530331794,-75.1836618023,3.5,42,0,"{'RestaurantsAttire': ""'casual'"", 'HappyHour': 'False', 'RestaurantsDelivery': 'False', 'RestaurantsPriceRange2': '1', 'RestaurantsGoodForGroups': 'True', 'GoodForKids': 'True', 'BikeParking': 'True', 'Ambience': ""{'touristy': False, 'hipster': False, 'romantic': False, 'divey': False, 'intimate': False, 'trendy': False, 'upscale': False, 'classy': False, 'casual': False}"", 'RestaurantsTakeOut': 'True', 'BusinessAcceptsCreditCards': 'True', 'WiFi': ""'free'"", 'Caters': 'True', 'RestaurantsReservations': 'False', 'WheelchairAccessible': 'True', 'NoiseLevel': ""u'quiet'"", 'HasTV': 'True', 'GoodForMeal': ""{'dessert': False, 'latenight': False, 'lunch': False, 'dinner': False, 'brunch': False, 'breakfast': False}"", 'OutdoorSeating': 'True', 'BusinessParking': ""{'garage': True, 'street': False, 'validated': False, 'lot': False, 'valet': False}"", 'Alcohol': ""u'none'""}","Food, Bagels, Bakeries, Cafes, Restaurants","{'Monday': '0:0-0:0', 'Tuesday': '7:0-17:0', 'Wednesday': '7:0-17:0', 'Thursday': '7:0-17:0', 'Friday': '9:0-15:0', 'Saturday': '9:0-17:0', 'Sunday': '9:0-17:0'}",Restaurants
EAmx_lbvIBPX7wimjt3cxQ,Morea,110 S 11th St,Philadelphia,PA,19107,39.9498058,-75.158806,4.0,45,1,"{'RestaurantsReservations': 'True', 'OutdoorSeating': 'True', 'NoiseLevel': ""u'average'"", 'BusinessAcceptsCreditCards': 'True', 'HappyHour': 'True', 'RestaurantsTakeOut': 'True', 'Caters': 'True', 'RestaurantsDelivery': 'True', 'Alcohol': ""u'full_bar'"", 'Ambience': ""{u'divey': False, u'hipster': False, u'casual': False, u'touristy': False, u'trendy': False, u'intimate': False, u'romantic': False, u'classy': True, u'upscale': False}"", 'BestNights': ""{u'monday': False, u'tuesday': False, u'wednesday': False, u'thursday': False, u'friday': False, u'saturday': False, u'sunday': False}""}","Restaurants, Nightlife, Adult, Bars, Cocktail Bars, Sandwiches, American (New), Seafood, Shopping, Breakfast & Brunch","{'Monday': '16:0-2:0', 'Tuesday': '10:30-23:0', 'Wednesday': '10:30-23:0', 'Thursday': '10:30-0:0', 'Friday': '10:30-2:0', 'Saturday': '10:0-2:0', 'Sunday': '10:0-2:0'}",Restaurants
SJ3JA9EwBmQeQJXxC8T0vw,Tea Bowl Shop,643 South St,Philadelphia,PA,19147,39.942317,-75.153707,4.0,10,0,"{'WiFi': ""u'free'"", 'RestaurantsTakeOut': 'False', 'DogsAllowed': 'True', 'BusinessParking': ""{'garage': False, 'street': False, 'validated': False, 'lot': False, 'valet': False}"", 'BusinessAcceptsCreditCards': 'True', 'RestaurantsDelivery': 'True'}","Coffee & Tea, Food, Poke, Restaurants, Bubble Tea, Sushi Bars, Fast Food","{'Tuesday': '12:30-21:30', 'Wednesday': '12:30-21:30', 'Thursday': '12:30-21:30', 'Friday': '12:30-23:0', 'Saturday': '12:30-23:0', 'Sunday': '12:30-23:0'}",Restaurants
OyQZHHPyfawLiZ4PQxCNog,Big Dan's Oregon Ave Deli,820 W Oregon Ave,Philadelphia,PA,19148,39.9153815209,-75.1623737812,4.5,13,0,"{'BusinessAcceptsCreditCards': 'True', 'RestaurantsPriceRange2': '1', 'RestaurantsReservations': 'False', 'Caters': 'True', 'RestaurantsAttire': ""u'casual'"", 'Ambience': ""{'romantic': False, 'intimate': False, 'touristy': False, 'hipster': False, 'divey': False, 'classy': False, 'trendy': False, 'upscale': False, 'casual': True}"", 'Alcohol': ""u'none'"", 'RestaurantsDelivery': 'True', 'HasTV': 'True', 'RestaurantsGoodForGroups': 'False', 'NoiseLevel': ""u'quiet'"", 'BusinessParking': ""{'garage': False, 'street': True, 'validated': False, 'lot': False, 'valet': False}"", 'OutdoorSeating': 'False', 'RestaurantsTakeOut': 'True'}","Specialty Food, Delis, Restaurants, Food, Meat Shops","{'Monday': '11:0-20:0', 'Tuesday': '11:0-20:0', 'Wednesday': '11:0-20:0', 'Thursday': '11:0-21:0', 'Friday': '11:0-21:0', 'Saturday': '11:0-21:0', 'Sunday': '11:0-17:0'}",Restaurants
4IrGZzglUUDgxfBBJKbnZw,Roy-Pitz Barrel House,990 Spring Garden St,Philadelphia,PA,19123,39.9614570819,-75.1541474462,4.0,151,1,"{'OutdoorSeating': 'True', 'Smoking': ""u'outdoor'"", 'Caters': 'True', 'BestNights': ""{'monday': False, 'tuesday': False, 'friday': False, 'wednesday': False, 'thursday': False, 'sunday': False, 'saturday': False}"", 'BYOB': 'False', 'RestaurantsTableService': 'True', 'WheelchairAccessible': 'True', 'BikeParking': 'True', 'RestaurantsDelivery': 'True', 'RestaurantsGoodForGroups': 'True', 'RestaurantsAttire': ""'casual'"", 'Alcohol': ""u'full_bar'"", 'Ambience': ""{'touristy': False, 'hipster': True, 'romantic': False, 'divey': False, 'intimate': False, 'trendy': True, 'upscale': False, 'classy': False, 'casual': True}"", 'NoiseLevel': ""u'loud'"", 'WiFi': ""u'free'"", 'RestaurantsTakeOut': 'True', 'Music': ""{'dj': False, 'background_music': False, 'no_music': False, 'jukebox': False, 'live': False, 'video': False, 'karaoke': False}"", 'BusinessParking': ""{'garage': False, 'street': True, 'validated': False, 'lot': False, 'valet': False}"", 'GoodForDancing': 'False', 'ByAppointmentOnly': 'False', 'GoodForKids': 'False', 'HasTV': 'True', 'RestaurantsReservations': 'True', 'GoodForMeal': ""{'dessert': True, 'latenight': False, 'lunch': False, 'dinner': True, 'brunch': False, 'breakfast': False}"", 'HappyHour': 'True', 'RestaurantsPriceRange2': '2', 'BusinessAcceptsCreditCards': 'True', 'CoatCheck': 'True'}","Restaurants, Gastropubs, Pizza, Bars, Nightlife, Food, Breweries, Beer Bar, Brewpubs","{'Monday': '0:0-0:0', 'Thursday': '16:0-22:0', 'Friday': '16:0-22:0', 'Saturday': '13:0-22:0', 'Sunday': '13:0-20:0'}",Restaurants
6cthUjghHSevS64rOYjGVw,Duel Piano Bar & Lounge,1420 Locust St,Philadelphia,PA,19102,39.947954,-75.165882,2.5,131,0,"{'RestaurantsDelivery': 'False', 'Caters': 'False', 'BikeParking': 'False', 'BusinessParking': ""{'garage': False, 'street': True, 'validated': False, 'lot': False, 'valet': False}"", 'HasTV': 'False', 'Alcohol': ""u'full_bar'"", 'BusinessAcceptsCreditCards': 'True', 'Ambience': ""{'romantic': False, 'intimate': False, 'touristy': False, 'hipster': False, 'divey': False, 'classy': False, 'trendy': True, 'upscale': False, 'casual': False}"", 'OutdoorSeating': 'False', 'RestaurantsTakeOut': 'False', 'RestaurantsAttire': ""u'casual'"", 'WiFi': ""u'no'"", 'RestaurantsPriceRange2': '2', 'GoodForKids': 'False', 'RestaurantsReservations': 'True', 'RestaurantsGoodForGroups': 'True', 'NoiseLevel': ""u'very_loud'""}","Nightlife, Lounges, Bars, Piano Bars, American (New), Restaurants","{'Thursday': '17:0-2:0', 'Friday': '17:0-2:0', 'Saturday': '17:0-2:0'}",Restaurants
oXr3EhnQCqA8SNWIZ3H4Fg,Little Spoon Cafe,1500 South St,Philadelphia,PA,19146,39.9437411,-75.1673474,4.0,358,0,"{'Caters': 'False', 'RestaurantsReservations': 'False', 'RestaurantsTakeOut': 'True', 'BusinessAcceptsCreditCards': 'True', 'RestaurantsTableService': 'True', 'RestaurantsAttire': ""'casual'"", 'WiFi': ""u'free'"", 'RestaurantsPriceRange2': '2', 'RestaurantsDelivery': 'False', 'BikeParking': 'True', 'Alcohol': ""'none'"", 'HasTV': 'False', 'Ambience': ""{'romantic': False, 'intimate': False, 'classy': False, 'hipster': False, 'divey': False, 'touristy': False, 'trendy': False, 'upscale': False, 'casual': True}"", 'NoiseLevel': ""u'average'"", 'HappyHour': 'False', 'DogsAllowed': 'False', 'GoodForMeal': ""{'dessert': False, 'latenight': False, 'lunch': True, 'dinner': False, 'brunch': True, 'breakfast': True}"", 'RestaurantsGoodForGroups': 'True', 'GoodForKids': 'True', 'OutdoorSeating': 'True', 'BusinessParking': ""{'garage': False, 'street': True, 'validated': False, 'lot': False, 'valet': False}""}","Breakfast & Brunch, Cafes, Coffee & Tea, Food, Restaurants","{'Monday': '7:0-16:0', 'Tuesday': '7:0-16:0', 'Wednesday': '7:0-16:0', 'Thursday': '7:0-16:0', 'Friday': '7:0-16:0', 'Saturday': '8:0-17:0', 'Sunday': '8:0-17:0'}",Restaurants
6JVHcQBnyA1DzK4z65cJSw,Falafel Factory,32 S 18th St,Philadelphia,PA,19103,39.952108,-75.170477,4.0,29,0,"{'RestaurantsReservations': 'False', 'RestaurantsPriceRange2': '1', 'Alcohol': ""u'none'"", 'BusinessAcceptsCreditCards': 'True', 'RestaurantsDelivery': 'True', 'RestaurantsAttire': ""u'casual'"", 'RestaurantsTakeOut': 'True', 'OutdoorSeating': 'True', 'RestaurantsGoodForGroups': 'False', 'BusinessParking': ""{'garage': False, 'street': True, 'validated': False, 'lot': False, 'valet': False}"", 'GoodForKids': 'True'}","Middle Eastern, Sandwiches, Restaurants, Mediterranean","{'Monday': '11:0-21:0', 'Tuesday': '11:0-21:0', 'Wednesday': '11:0-21:0', 'Thursday': '11:0-21:0', 'Friday': '11:0-21:0', 'Saturday': '11:0-21:0', 'Sunday': '11:0-20:0'}",Restaurants
jS3affmkXWrBnidXA-DIfQ,Butcher Bar,2034 Chestnut St,Philadelphia,PA,19103,39.9520301,-75.1748960093,4.0,682,1,"{'OutdoorSeating': 'True', 'RestaurantsAttire': ""'casual'"", 'RestaurantsPriceRange2': '2', 'HasTV': 'True', 'BikeParking': 'False', 'RestaurantsDelivery': 'True', 'GoodForDancing': 'False', 'RestaurantsTableService': 'True', 'WheelchairAccessible': 'False', 'Ambience': ""{'touristy': False, 'hipster': False, 'romantic': False, 'divey': False, 'intimate': False, 'trendy': True, 'upscale': False, 'classy': True, 'casual': True}"", 'CoatCheck': 'False', 'Alcohol': ""'full_bar'"", 'NoiseLevel': ""u'average'"", 'GoodForKids': 'False', 'RestaurantsReservations': 'True', 'Smoking': ""u'no'"", 'BusinessParking': ""{'garage': False, 'street': True, 'validated': False, 'lot': False, 'valet': False}"", 'GoodForMeal': ""{'dessert': False, 'latenight': False, 'lunch': False, 'dinner': True, 'brunch': False, 'breakfast': False}"", 'WiFi': ""'free'"", 'BusinessAcceptsCreditCards': 'True', 'Caters': 'True', 'BestNights': ""{'monday': False, 'tuesday': False, 'friday': True, 'wednesday': False, 'thursday': True, 'sunday': False, 'saturday': True}"", 'RestaurantsTakeOut': 'True', 'RestaurantsGoodForGroups': 'True', 'HappyHour': 'True', 'DogsAllowed': 'False', 'Music': ""{'dj': False, 'background_music': False, 'no_music': False, 'jukebox': False, 'live': False, 'video': False, 'karaoke': False}""}","Steakhouses, Comfort Food, Butcher, Bars, Specialty Food, Food, Nightlife, Whiskey Bars, Restaurants, Gastropubs","{'Monday': '16:0-21:0', 'Tuesday': '16:0-21:0', 'Wednesday': '16:0-21:0', 'Thursday': '16:0-22:0', 'Friday': '16:0-23:0', 'Saturday': '16:0-23:0', 'Sunday': '16:0-21:0'}",Restaurants
tJxrkonV5iuVZUNJev0jWA,Classic Cake Bakery & Cafe,1617 John F Kennedy Blvd,Philadelphia,PA,19103,39.9542676513,-75.1678994671,4.5,55,0,"{'BusinessAcceptsCreditCards': 'True', 'RestaurantsDelivery': 'True', 'RestaurantsTakeOut': 'True', 'Caters': 'True', 'WiFi': ""u'free'"", 'HasTV': 'True', 'WheelchairAccessible': 'True', 'Ambience': ""{'touristy': False, 'hipster': False, 'romantic': False, 'divey': False, 'intimate': False, 'trendy': False, 'upscale': False, 'classy': False, 'casual': False}"", 'RestaurantsTableService': 'False', 'GoodForMeal': ""{'dessert': False, 'latenight': False, 'lunch': False, 'dinner': False, 'brunch': False, 'breakfast': False}"", 'BYOB': 'False', 'BusinessParking': ""{'garage': False, 'street': True, 'validated': False, 'lot': False, 'valet': False}"", 'BikeParking': 'True', 'Corkage': 'False', 'OutdoorSeating': 'True', 'Alcohol': ""u'none'""}","Restaurants, Cafes, Desserts, Bakeries, Custom Cakes, Food","{'Monday': '0:0-0:0', 'Tuesday': '7:0-18:0', 'Wednesday': '7:0-18:0', 'Thursday': '7:0-18:0', 'Friday': '7:0-18:0', 'Saturday': '9:0-15:0'}",Restaurants
W5e4UAY9PoE3ydedIcc5GA,Dinics Pork & Beef,1511 Kitty Hawk Ave,Philadelphia,PA,19112,39.8900745,-75.1776345,4.0,59,1,"{'BusinessParking': ""{'garage': False, 'street': False, 'validated': False, 'lot': False, 'valet': False}"", 'NoiseLevel': ""u'loud'"", 'Alcohol': ""u'none'"", 'WiFi': ""'no'"", 'GoodForKids': 'True', 'RestaurantsReservations': 'False', 'RestaurantsAttire': ""u'casual'"", 'RestaurantsPriceRange2': '1', 'RestaurantsGoodForGroups': 'True', 'RestaurantsTakeOut': 'True', 'RestaurantsDelivery': 'False', 'Caters': 'False', 'BusinessAcceptsCreditCards': 'False', 'OutdoorSeating': 'True', 'BikeParking': 'True', 'Ambience': ""{'touristy': False, 'hipster': False, 'romantic': None, 'divey': True, 'intimate': False, 'trendy': False, 'upscale': False, 'classy': False, 'casual': None}"", 'HasTV': 'True', 'GoodForMeal': ""{'dessert': False, 'latenight': False, 'lunch': True, 'dinner': False, 'brunch': False, 'breakfast': None}""}","Breakfast & Brunch, Cheesesteaks, Restaurants, Sandwiches","{'Monday': '7:0-16:0', 'Tuesday': '7:0-16:0', 'Wednesday': '7:0-16:0', 'Thursday': '7:0-16:0', 'Friday': '7:0-16:0'}",Restaurants
IlAW63SepzVKroXXFjeo7w,Wolf's Market,"1500 Locust St, Apt 2705",Philadelphia,PA,19102,39.9482572,-75.1666834,2.0,6,1,"{'NoiseLevel': ""u'average'"", 'RestaurantsPriceRange2': '1', 'BusinessAcceptsCreditCards': 'True', 'GoodForKids': 'False', 'RestaurantsDelivery': 'False', 'RestaurantsGoodForGroups': 'False', 'WiFi': ""u'no'"", 'RestaurantsReservations': 'False', 'RestaurantsAttire': ""u'casual'"", 'RestaurantsTakeOut': 'True', 'Ambience': ""{'romantic': False, 'intimate': False, 'touristy': False, 'hipster': False, 'divey': False, 'classy': False, 'trendy': False, 'upscale': False, 'casual': False}"", 'OutdoorSeating': 'False', 'Alcohol': ""u'none'"", 'BusinessParking': ""{'garage': False, 'street': False, 'validated': False, 'lot': False, 'valet': False}"", 'HasTV': 'True'}","Restaurants, Sandwiches",,Restaurants
OTNPMzKPb8LVQxX3fXJaqw,Uncle Oogie's,2119 W Oregon Ave,Philadelphia,PA,19145,39.9189548,-75.1835926,3.0,116,1,"{'RestaurantsDelivery': 'True', 'OutdoorSeating': 'False', 'BusinessAcceptsCreditCards': 'True', 'RestaurantsGoodForGroups': 'True', 'RestaurantsReservations': 'False', 'WiFi': ""'no'"", 'BusinessParking': ""{'garage': False, 'street': False, 'validated': False, 'lot': True, 'valet': False}"", 'Ambience': ""{'romantic': False, 'intimate': False, 'touristy': False, 'hipster': False, 'divey': False, 'classy': False, 'trendy': False, 'upscale': False, 'casual': True}"", 'RestaurantsAttire': ""u'casual'"", 'HasTV': 'True', 'GoodForKids': 'True', 'NoiseLevel': ""u'average'"", 'Caters': 'True', 'Alcohol': ""u'none'"", 'WheelchairAccessible': 'True', 'Corkage': 'False', 'BikeParking': 'True', 'RestaurantsTakeOut': 'True', 'GoodForMeal': ""{'dessert': False, 'latenight': False, 'lunch': True, 'dinner': True, 'brunch': False, 'breakfast': False}"", 'RestaurantsTableService': 'False', 'BYOB': 'True', 'RestaurantsPriceRange2': '1'}","Pizza, Food, Restaurants, Sandwiches, Burgers","{'Monday': '10:0-21:0', 'Tuesday': '10:0-21:0', 'Wednesday': '10:0-21:0', 'Thursday': '10:0-21:0', 'Friday': '10:0-22:0', 'Saturday': '10:0-22:0', 'Sunday': '10:0-21:0'}",Restaurants
AOaCT7MBizYN09RnP0FYtg,What's In This?,299 S Columbus Blvd,Philadelphia,PA,19106,39.945082,-75.141081,4.0,5,1,"{'GoodForMeal': ""{'dessert': False, 'latenight': False, 'lunch': False, 'dinner': False, 'brunch': False, 'breakfast': False}"", 'BusinessAcceptsCreditCards': 'True', 'RestaurantsDelivery': 'False', 'RestaurantsPriceRange2': '1', 'Ambience': ""{'romantic': False, 'intimate': False, 'classy': False, 'hipster': False, 'divey': False, 'touristy': False, 'trendy': False, 'upscale': False, 'casual': False}"", 'RestaurantsReservations': 'True', 'BusinessParking': ""{'garage': False, 'street': False, 'validated': False, 'lot': False, 'valet': False}"", 'OutdoorSeating': 'True', 'RestaurantsGoodForGroups': 'True', 'RestaurantsTableService': 'False', 'Alcohol': ""u'none'"", 'RestaurantsTakeOut': 'True', 'GoodForKids': 'True', 'RestaurantsAttire': ""u'casual'"", 'HasTV': 'False', 'WiFi': ""u'no'""}","Polish, Restaurants, Food Trucks, Food, Street Vendors",,Restaurants
rQKL-bO8Xup4gCPcj_oz6w,PlantPure Cafe,1115 Walnut St,Philadelphia,PA,19107,39.9490546,-75.1597386,4.5,59,0,"{'RestaurantsAttire': ""u'casual'"", 'BusinessAcceptsCreditCards': 'True', 'RestaurantsGoodForGroups': 'True', 'HasTV': 'False', 'WiFi': ""u'free'"", 'Ambience': ""{'touristy': False, 'hipster': False, 'romantic': False, 'divey': False, 'intimate': False, 'trendy': False, 'upscale': False, 'classy': False, 'casual': True}"", 'Caters': 'True', 'BusinessParking': ""{'garage': False, 'street': True, 'validated': False, 'lot': False, 'valet': False}"", 'RestaurantsPriceRange2': '1', 'RestaurantsReservations': 'False', 'GoodForMeal': ""{'dessert': False, 'latenight': False, 'lunch': True, 'dinner': True, 'brunch': False, 'breakfast': False}"", 'RestaurantsDelivery': 'True', 'RestaurantsTakeOut': 'True', 'WheelchairAccessible': 'True', 'NoiseLevel': ""u'quiet'"", 'Alcohol': ""u'none'"", 'GoodForKids': 'True', 'BikeParking': 'True', 'RestaurantsTableService': 'True', 'OutdoorSeating': 'True'}","Sandwiches, Salad, Vegetarian, Vegan, Restaurants, Fast Food","{'Monday': '11:0-19:0', 'Tuesday': '11:0-19:0', 'Wednesday': '11:0-19:0', 'Thursday': '11:0-19:0', 'Friday': '11:0-19:0', 'Saturday': '11:0-19:0', 'Sunday': '11:0-15:30'}",Restaurants
Zy5IZ-3C8s4iHw55LPkKVQ,Al Zaytouna,906 Christian St,Philadelphia,PA,19147,39.9388459,-75.1581065,4.0,246,1,"{'NoiseLevel': ""u'average'"", 'RestaurantsGoodForGroups': 'True', 'Alcohol': ""u'none'"", 'BusinessAcceptsCreditCards': 'True', 'GoodForKids': 'True', 'RestaurantsAttire': ""u'casual'"", 'RestaurantsReservations': 'True', 'WiFi': ""u'no'"", 'Ambience': ""{'romantic': False, 'intimate': False, 'touristy': False, 'hipster': False, 'divey': False, 'classy': False, 'trendy': False, 'upscale': False, 'casual': True}"", 'Caters': 'True', 'RestaurantsDelivery': 'True', 'BusinessParking': ""{'garage': False, 'street': True, 'validated': False, 'lot': False, 'valet': False}"", 'RestaurantsPriceRange2': '2', 'DogsAllowed': 'False', 'OutdoorSeating': 'True', 'BikeParking': 'True', 'GoodForMeal': ""{'dessert': False, 'latenight': False, 'lunch': True, 'dinner': True, 'brunch': False, 'breakfast': False}"", 'RestaurantsTakeOut': 'True', 'HasTV': 'True', 'DriveThru': 'False'}","Mediterranean, Sandwiches, Restaurants, Middle Eastern","{'Monday': '11:0-22:0', 'Tuesday': '11:0-22:0', 'Wednesday': '11:0-22:0', 'Thursday': '11:0-22:0', 'Friday': '11:0-23:0', 'Saturday': '11:0-23:0', 'Sunday': '11:0-22:0'}",Restaurants
UaovDcnP0QzsmGf6vXvg9w,Rocchino's,239 Chestnut St,Philadelphia,PA,19106,39.948818,-75.1456539,3.0,20,0,"{'WiFi': ""u'no'"", 'NoiseLevel': ""u'average'"", 'OutdoorSeating': 'True', 'GoodForKids': 'True', 'Alcohol': ""u'full_bar'"", 'RestaurantsReservations': 'True', 'BusinessAcceptsCreditCards': 'True', 'BusinessParking': ""{'garage': False, 'street': True, 'validated': False, 'lot': False, 'valet': False}"", 'RestaurantsGoodForGroups': 'True', 'RestaurantsDelivery': 'False', 'Ambience': ""{'romantic': False, 'intimate': False, 'touristy': False, 'hipster': False, 'divey': False, 'classy': False, 'trendy': False, 'upscale': False, 'casual': True}"", 'HappyHour': 'True', 'HasTV': 'True', 'RestaurantsAttire': ""u'casual'"", 'RestaurantsPriceRange2': '3', 'RestaurantsTakeOut': 'True'}","American (New), Italian, Restaurants","{'Monday': '11:30-22:0', 'Tuesday': '11:30-22:0', 'Wednesday': '11:30-22:0', 'Thursday': '11:30-22:0', 'Friday': '11:30-23:0', 'Saturday': '11:30-23:0'}",Restaurants
RkSs_qLitbI320DP245Ebw,Teri's Bar,1126 S 9th St,Philadelphia,PA,19147,39.9356619,-75.1586745,3.5,80,0,"{'RestaurantsAttire': ""u'casual'"", 'BikeParking': 'True', 'RestaurantsPriceRange2': '1', 'RestaurantsGoodForGroups': 'True', 'Caters': 'False', 'GoodForKids': 'False', 'BusinessAcceptsCreditCards': 'True', 'Ambience': ""{'romantic': False, 'intimate': False, 'touristy': False, 'hipster': False, 'divey': True, 'classy': False, 'trendy': False, 'upscale': False, 'casual': False}"", 'RestaurantsTakeOut': 'True', 'OutdoorSeating': 'True', 'RestaurantsDelivery': 'False', 'Alcohol': ""u'full_bar'"", 'HasTV': 'True', 'RestaurantsReservations': 'False', 'BusinessParking': ""{'garage': False, 'street': True, 'validated': False, 'lot': False, 'valet': False}"", 'NoiseLevel': ""u'average'"", 'WiFi': ""u'free'""}","Nightlife, Restaurants, Bars, Breakfast & Brunch, Diners","{'Monday': '12:0-2:0', 'Tuesday': '12:0-2:0', 'Wednesday': '12:0-2:0', 'Thursday': '12:0-2:0', 'Friday': '12:0-2:0', 'Saturday': '12:0-2:0', 'Sunday': '12:0-2:0'}",Restaurants
krWsMdrE_uglWwOF5BcJcQ,Kawaii Kitty Cafe,759 S 4th St,Philadelphia,PA,19147,39.9386964456,-75.1496926152,4.5,116,0,"{'BikeParking': 'True', 'RestaurantsReservations': 'True', 'BusinessAcceptsCreditCards': 'True', 'RestaurantsAttire': ""'casual'"", 'RestaurantsTableService': 'True', 'Ambience': ""{'touristy': False, 'hipster': True, 'romantic': False, 'divey': False, 'intimate': True, 'trendy': True, 'upscale': False, 'classy': False, 'casual': False}"", 'WiFi': ""u'free'"", 'GoodForKids': 'True', 'RestaurantsDelivery': 'False', 'Alcohol': ""u'none'"", 'GoodForMeal': ""{'dessert': True, 'latenight': False, 'lunch': False, 'dinner': False, 'brunch': False, 'breakfast': False}"", 'RestaurantsGoodForGroups': 'True', 'NoiseLevel': ""u'average'"", 'Caters': 'False', 'RestaurantsPriceRange2': '2', 'HasTV': 'True', 'OutdoorSeating': 'False', 'BusinessParking': ""{'garage': False, 'street': True, 'validated': False, 'lot': False, 'valet': False}"", 'RestaurantsTakeOut': 'False'}","Pet Adoption, Vegetarian, Restaurants, Cafes, Japanese, Pets, Coffee & Tea, Food, Vegan","{'Tuesday': '11:0-20:0', 'Wednesday': '11:0-20:0', 'Thursday': '11:0-20:0', 'Friday': '11:0-20:0', 'Saturday': '10:0-20:0', 'Sunday': '10:0-20:0'}",Restaurants
wsr5zfPb6OZX4mQ7S-D8rQ,The Boilermaker,216 S 11th St,Philadelphia,PA,19107,39.948104,-75.159407,4.0,35,0,"{'RestaurantsDelivery': 'False', 'RestaurantsGoodForGroups': 'True', 'BusinessAcceptsCreditCards': 'True', 'RestaurantsReservations': 'False', 'Caters': 'False', 'RestaurantsTakeOut': 'False', 'Alcohol': ""u'full_bar'"", 'BusinessParking': ""{'garage': False, 'street': True, 'validated': False, 'lot': False, 'valet': False}"", 'OutdoorSeating': 'False', 'WiFi': ""u'free'"", 'GoodForKids': 'False', 'Ambience': ""{'romantic': False, 'intimate': True, 'touristy': False, 'hipster': True, 'divey': False, 'classy': False, 'trendy': False, 'upscale': False, 'casual': False}"", 'NoiseLevel': ""u'loud'"", 'RestaurantsPriceRange2': '2', 'RestaurantsAttire': ""u'casual'""}","Bars, Food, American (New), Restaurants, Nightlife, Beer, Wine & Spirits","{'Monday': '15:0-2:0', 'Tuesday': '15:0-2:0', 'Wednesday': '15:0-2:0', 'Thursday': '15:0-2:0', 'Friday': '15:0-2:0', 'Saturday': '15:0-2:0', 'Sunday': '15:0-2:0'}",Restaurants
VxC-ThIRmU3VcHS88INn4w,Sophia's,1623 E Passyunk Ave,Philadelphia,PA,19148,39.929332,-75.163804,4.0,32,0,"{'NoiseLevel': ""u'quiet'"", 'RestaurantsReservations': 'True', 'GoodForKids': 'False', 'BusinessParking': ""{'garage': False, 'street': False, 'validated': False, 'lot': False, 'valet': False}"", 'HasTV': 'True', 'RestaurantsPriceRange2': '3', 'Ambience': ""{'romantic': False, 'intimate': False, 'touristy': False, 'hipster': False, 'divey': False, 'classy': False, 'trendy': False, 'upscale': False, 'casual': False}"", 'HappyHour': 'True', 'BusinessAcceptsCreditCards': 'True', 'Alcohol': ""u'full_bar'"", 'RestaurantsGoodForGroups': 'True', 'OutdoorSeating': 'True', 'RestaurantsAttire': ""u'casual'""}","Restaurants, Nightlife, Bars, American (New)","{'Tuesday': '17:0-22:0', 'Wednesday': '17:0-22:0', 'Thursday': '17:0-22:0', 'Friday': '17:0-23:0', 'Saturday': '17:0-23:0', 'Sunday': '11:0-18:0'}",Restaurants
yrpbZJblFvKpXSMvj--WVQ,Blue Cross RiverRink Winterfest,101 S Columbus Blvd,Philadelphia,PA,19106,39.9482667972,-75.1399237486,4.0,67,1,"{'RestaurantsReservations': 'False', 'Caters': 'True', 'HasTV': 'True', 'RestaurantsPriceRange2': '2', 'BusinessAcceptsBitcoin': 'False', 'BikeParking': 'True', 'RestaurantsTakeOut': 'False', 'WiFi': ""u'free'"", 'BusinessAcceptsCreditCards': 'True', 'BusinessParking': ""{'garage': False, 'street': True, 'validated': False, 'lot': True, 'valet': False}"", 'RestaurantsDelivery': 'False', 'NoiseLevel': ""u'loud'"", 'RestaurantsAttire': ""'casual'"", 'RestaurantsGoodForGroups': 'True', 'GoodForKids': 'True', 'OutdoorSeating': 'True', 'Alcohol': ""u'full_bar'"", 'GoodForMeal': ""{'dessert': False, 'latenight': True, 'lunch': False, 'dinner': True, 'brunch': False, 'breakfast': False}"", 'Music': ""{'dj': False, 'background_music': False, 'no_music': False, 'jukebox': False, 'live': False, 'video': False, 'karaoke': None}"", 'Ambience': ""{'touristy': None, 'hipster': False, 'romantic': True, 'divey': False, 'intimate': None, 'trendy': True, 'upscale': False, 'classy': False, 'casual': True}"", 'BestNights': ""{'monday': False, 'tuesday': False, 'friday': True, 'wednesday': True, 'thursday': False, 'sunday': False, 'saturday': True}""}","Nightlife, Skating Rinks, Restaurants, Hotels & Travel, Event Planning & Services, Bars, Comfort Food, Active Life, Hotels","{'Monday': '17:0-21:0', 'Tuesday': '17:0-21:0', 'Wednesday': '17:0-21:0', 'Thursday': '17:0-21:0', 'Friday': '17:0-23:0', 'Saturday': '11:0-23:0', 'Sunday': '11:0-21:0'}",Restaurants
DY2-gIyesL5S5_DZM2TqeQ,El Gallo Pinto Restaurant,1163 S 7th. St,Philadelphia,PA,19147,39.93395,-75.1557061,3.5,5,0,"{'RestaurantsAttire': ""u'casual'"", 'RestaurantsReservations': 'False', 'RestaurantsPriceRange2': '1', 'BusinessAcceptsCreditCards': 'True', 'RestaurantsTakeOut': 'True'}","Restaurants, Latin American",,Restaurants
h6XRiG4QOnuY6n3SRnou1w,Cooperage Café,150 S Independence Mall W,Philadelphia,PA,19106,39.9491962348,-75.1515886104,3.5,6,0,"{'OutdoorSeating': 'True', 'Ambience': ""{'romantic': False, 'intimate': False, 'classy': False, 'hipster': False, 'divey': False, 'touristy': False, 'trendy': False, 'upscale': False, 'casual': True}"", 'RestaurantsDelivery': 'False', 'RestaurantsAttire': ""u'casual'"", 'BusinessAcceptsCreditCards': 'True', 'RestaurantsReservations': 'False', 'Alcohol': ""u'none'"", 'RestaurantsTakeOut': 'True', 'NoiseLevel': ""u'quiet'"", 'Caters': 'False', 'BusinessParking': ""{'garage': False, 'street': False, 'validated': False, 'lot': False, 'valet': False}"", 'WiFi': ""u'no'"", 'BikeParking': 'False', 'RestaurantsGoodForGroups': 'False', 'GoodForKids': 'False', 'HasTV': 'True', 'RestaurantsPriceRange2': '1'}","Restaurants, Sandwiches, Food, Cafes",,Restaurants
t3e6vLLB9ZzVuv0Cz4QukA,Nom Nom Bowl,1608 Sansom St,Philadelphia,PA,19103,39.9504783,-75.168001,4.5,14,0,"{'BusinessParking': ""{'garage': True, 'street': None, 'validated': None, 'lot': False, 'valet': False}"", 'RestaurantsPriceRange2': '2', 'GoodForMeal': ""{'dessert': False, 'latenight': False, 'lunch': False, 'dinner': False, 'brunch': False, 'breakfast': False}"", 'HasTV': 'True', 'RestaurantsDelivery': 'True', 'Ambience': ""{'touristy': False, 'hipster': False, 'romantic': False, 'divey': False, 'intimate': False, 'trendy': False, 'upscale': False, 'classy': True, 'casual': False}""}","Noodles, Food, Restaurants, Poke, Japanese","{'Monday': '9:0-15:30', 'Tuesday': '9:0-15:30', 'Wednesday': '9:0-15:30', 'Thursday': '9:0-15:30', 'Friday': '9:0-15:30'}",Restaurants
XCJ8N1GrV9Gdgbyp1U05NQ,Key Food Pizza,1846 S 12th St,Philadelphia,PA,19148,39.9264546,-75.1656307,3.0,65,0,"{'GoodForKids': 'True', 'Alcohol': ""u'none'"", 'RestaurantsAttire': ""u'casual'"", 'BYOBCorkage': ""'yes_free'"", 'RestaurantsDelivery': 'True', 'Corkage': 'False', 'BusinessAcceptsCreditCards': 'True', 'NoiseLevel': ""'average'"", 'HasTV': 'True', 'RestaurantsReservations': 'False', 'RestaurantsGoodForGroups': 'True', 'OutdoorSeating': 'False', 'RestaurantsPriceRange2': '1', 'RestaurantsTakeOut': 'True', 'Ambience': ""{'touristy': False, 'hipster': False, 'romantic': False, 'divey': False, 'intimate': False, 'trendy': False, 'upscale': False, 'classy': False, 'casual': True}"", 'BikeParking': 'True', 'WiFi': ""'no'"", 'BusinessParking': ""{'garage': False, 'street': True, 'validated': False, 'lot': False, 'valet': False}"", 'Caters': 'True'}","Pizza, Restaurants, American (Traditional)","{'Monday': '11:0-23:30', 'Tuesday': '11:0-23:30', 'Wednesday': '11:0-23:30', 'Thursday': '11:0-23:30', 'Friday': '11:0-0:30', 'Saturday': '11:0-22:30'}",Restaurants
QYnfbwG2fDfuWAI6RbGz4g,Craft & Claw,126 Chestnut St,Philadelphia,PA,19106,39.948092,-75.143565,4.0,30,0,"{'OutdoorSeating': 'False', 'GoodForKids': 'False', 'BusinessParking': ""{'garage': False, 'street': True, 'validated': True, 'lot': False, 'valet': False}"", 'RestaurantsGoodForGroups': 'True', 'Alcohol': ""u'full_bar'"", 'RestaurantsTakeOut': 'True', 'RestaurantsAttire': ""u'casual'"", 'BusinessAcceptsCreditCards': 'True', 'WiFi': ""u'free'"", 'RestaurantsReservations': 'True', 'NoiseLevel': ""u'average'"", 'Caters': 'True', 'HasTV': 'True', 'Ambience': ""{'romantic': False, 'intimate': False, 'touristy': False, 'hipster': False, 'divey': False, 'classy': False, 'trendy': True, 'upscale': False, 'casual': False}"", 'RestaurantsPriceRange2': '2', 'HappyHour': 'True', 'RestaurantsDelivery': 'False'}","Seafood, Restaurants","{'Monday': '17:0-22:0', 'Tuesday': '17:0-22:0', 'Wednesday': '17:0-22:0', 'Thursday': '17:0-22:0', 'Friday': '17:0-23:0', 'Saturday': '17:0-23:0', 'Sunday': '15:0-22:0'}",Restaurants
by2wRASwOKpCZU9KtZ3MHA,Manhattan Bagel,125 S 18th St,Philadelphia,PA,19103,39.9508002,-75.1703050733,3.0,133,1,"{'RestaurantsGoodForGroups': 'False', 'BusinessAcceptsCreditCards': 'True', 'RestaurantsReservations': 'False', 'OutdoorSeating': 'True', 'RestaurantsPriceRange2': '1', 'NoiseLevel': ""u'average'"", 'BusinessParking': ""{'garage': False, 'street': True, 'validated': False, 'lot': False, 'valet': False}"", 'BikeParking': 'True', 'GoodForKids': 'True', 'Ambience': ""{'romantic': False, 'intimate': False, 'classy': False, 'hipster': False, 'divey': False, 'touristy': False, 'trendy': False, 'upscale': False, 'casual': True}"", 'RestaurantsTakeOut': 'True', 'RestaurantsAttire': ""u'casual'"", 'RestaurantsTableService': 'False', 'Alcohol': ""u'none'"", 'HasTV': 'True', 'Caters': 'True', 'GoodForMeal': ""{'dessert': False, 'latenight': False, 'lunch': False, 'dinner': False, 'brunch': True, 'breakfast': True}"", 'WiFi': ""u'free'"", 'AgesAllowed': ""u'allages'"", 'RestaurantsDelivery': 'True'}","Food, Sandwiches, Breakfast & Brunch, Coffee & Tea, Restaurants, Bagels","{'Monday': '7:0-17:0', 'Tuesday': '7:0-17:0', 'Wednesday': '7:0-17:0', 'Thursday': '7:0-17:0', 'Friday': '7:0-17:0', 'Saturday': '7:0-17:0', 'Sunday': '7:0-17:0'}",Restaurants
bd3E9cJ7fWTINbMEjVnt-Q,Veggie T Rex Deli,127 N 15th St,Philadelphia,PA,19102,39.9554133,-75.1645002,5.0,5,0,"{'GoodForMeal': ""{'dessert': False, 'latenight': False, 'lunch': False, 'dinner': False, 'brunch': False, 'breakfast': False}"", 'RestaurantsAttire': ""'casual'"", 'RestaurantsTableService': 'False', 'Alcohol': ""'none'"", 'RestaurantsTakeOut': 'True', 'BusinessAcceptsCreditCards': 'True', 'HasTV': 'False', 'BikeParking': 'True', 'GoodForKids': 'False', 'RestaurantsReservations': 'False', 'RestaurantsGoodForGroups': 'True', 'OutdoorSeating': 'False', 'RestaurantsPriceRange2': '1', 'RestaurantsDelivery': 'False'}","Delis, Vegan, Restaurants, Gluten-Free, Vegetarian, Salad, Pizza","{'Monday': '7:0-19:0', 'Tuesday': '7:0-19:0', 'Wednesday': '7:0-19:0', 'Thursday': '7:0-19:0', 'Friday': '7:0-19:0', 'Saturday': '8:0-15:0'}",Restaurants
R4V_g8fR2mB6RjvpBjBElw,Greenhouse Cafe,1324 Chestnut St,Philadelphia,PA,19107,39.9507046,-75.1627658,4.0,13,0,"{'NoiseLevel': ""u'average'"", 'RestaurantsAttire': ""u'casual'"", 'BusinessParking': ""{'garage': False, 'street': False, 'validated': False, 'lot': False, 'valet': False}"", 'RestaurantsReservations': 'False', 'RestaurantsPriceRange2': '1', 'Ambience': ""{'romantic': False, 'intimate': False, 'classy': False, 'hipster': False, 'divey': False, 'touristy': False, 'trendy': False, 'upscale': False, 'casual': False}"", 'RestaurantsTakeOut': 'True', 'HasTV': 'True', 'RestaurantsGoodForGroups': 'True', 'BusinessAcceptsCreditCards': 'True', 'OutdoorSeating': 'False', 'BikeParking': 'True', 'GoodForKids': 'True', 'Alcohol': ""u'none'"", 'WiFi': ""u'free'"", 'Caters': 'True', 'RestaurantsDelivery': 'True', 'BusinessAcceptsBitcoin': 'False'}","Event Planning & Services, Sandwiches, Buffets, Restaurants, Convenience Stores, Salad, Caterers, Food, Cafes","{'Monday': '7:0-18:0', 'Tuesday': '7:0-18:0', 'Wednesday': '7:0-18:0', 'Thursday': '7:0-18:0', 'Friday': '7:0-18:0', 'Saturday': '8:0-17:0'}",Restaurants
4zQV6v8TwEYMwI9Ekdf19g,Figs,2501 Meredith St,Philadelphia,PA,19130,39.9685113,-75.1785123,4.0,300,1,"{'RestaurantsReservations': 'True', 'BYOBCorkage': ""'yes_free'"", 'WiFi': ""u'no'"", 'RestaurantsAttire': ""'casual'"", 'BikeParking': 'True', 'BusinessAcceptsCreditCards': 'False', 'BusinessParking': ""{'garage': False, 'street': True, 'validated': False, 'lot': False, 'valet': False}"", 'GoodForKids': 'False', 'RestaurantsGoodForGroups': 'True', 'Alcohol': ""u'none'"", 'OutdoorSeating': 'True', 'RestaurantsPriceRange2': '2', 'RestaurantsTableService': 'True', 'NoiseLevel': ""u'average'"", 'RestaurantsTakeOut': 'True', 'GoodForMeal': ""{'dessert': False, 'latenight': False, 'lunch': False, 'dinner': True, 'brunch': None, 'breakfast': False}"", 'Ambience': ""{'touristy': False, 'hipster': False, 'romantic': False, 'divey': False, 'intimate': False, 'trendy': False, 'upscale': False, 'classy': True, 'casual': True}"", 'HasTV': 'True', 'RestaurantsDelivery': 'True'}","Moroccan, Restaurants","{'Tuesday': '16:0-21:0', 'Wednesday': '16:0-21:0', 'Thursday': '16:0-21:0', 'Friday': '16:0-21:0', 'Saturday': '16:0-21:0', 'Sunday': '16:0-21:0'}",Restaurants
fYC2jJAcOsikNoKrYTPv1Q,Fuel,1650 Arch St,Philadelphia,PA,19103,39.9548937713,-75.1679209578,2.5,20,0,"{'Alcohol': ""u'none'"", 'NoiseLevel': ""u'average'"", 'RestaurantsTakeOut': 'True', 'RestaurantsGoodForGroups': 'False', 'Caters': 'True', 'RestaurantsAttire': ""u'casual'"", 'BusinessAcceptsCreditCards': 'True', 'RestaurantsDelivery': 'True', 'Ambience': ""{'romantic': False, 'intimate': False, 'touristy': False, 'hipster': False, 'divey': False, 'classy': False, 'trendy': False, 'upscale': False, 'casual': False}"", 'GoodForKids': 'False', 'RestaurantsPriceRange2': '2', 'OutdoorSeating': 'True', 'HasTV': 'False'}","Juice Bars & Smoothies, Sandwiches, Food, Restaurants","{'Monday': '8:0-19:0', 'Tuesday': '8:0-19:0', 'Wednesday': '8:0-19:0', 'Thursday': '8:0-19:0', 'Friday': '8:0-19:0', 'Saturday': '11:0-18:0', 'Sunday': '11:0-18:0'}",Restaurants
lKU_kljhbEQKIPaM1Zbqiw,Little Nonna's,1234 Locust St,Philadelphia,PA,19107,39.947786438,-75.1618928091,4.0,1147,1,"{'RestaurantsPriceRange2': '2', 'GoodForKids': 'False', 'RestaurantsAttire': ""u'casual'"", 'Alcohol': ""u'full_bar'"", 'RestaurantsReservations': 'True', 'NoiseLevel': ""u'average'"", 'BusinessParking': ""{'garage': False, 'street': True, 'validated': False, 'lot': False, 'valet': False}"", 'Caters': 'False', 'BusinessAcceptsCreditCards': 'True', 'HasTV': 'False', 'WiFi': ""u'no'"", 'DogsAllowed': 'False', 'BikeParking': 'True', 'GoodForMeal': ""{'dessert': False, 'latenight': False, 'lunch': None, 'dinner': True, 'brunch': False, 'breakfast': False}"", 'Ambience': ""{u'divey': False, u'hipster': False, u'casual': None, u'touristy': False, u'trendy': None, u'intimate': True, u'romantic': True, u'classy': None, u'upscale': False}"", 'HappyHour': 'False', 'RestaurantsGoodForGroups': 'True', 'RestaurantsDelivery': 'True', 'OutdoorSeating': 'None', 'RestaurantsTakeOut': 'True'}","Restaurants, Italian","{'Monday': '17:0-22:0', 'Tuesday': '17:0-22:0', 'Wednesday': '17:0-22:0', 'Thursday': '17:0-22:0', 'Friday': '17:0-22:0', 'Saturday': '17:0-22:0', 'Sunday': '17:0-22:0'}",Restaurants
9IoOPZso2R0Y56xLvQS5jQ,New Tower Pizzeria,1410 S St,Philadelphia,PA,19146,39.943644568,-75.1660096287,1.5,21,0,"{'RestaurantsReservations': 'False', 'BusinessParking': ""{'garage': False, 'street': False, 'validated': False, 'lot': False, 'valet': False}"", 'BikeParking': 'True', 'OutdoorSeating': 'False', 'RestaurantsAttire': ""u'casual'"", 'BusinessAcceptsCreditCards': 'True', 'RestaurantsDelivery': 'True', 'RestaurantsPriceRange2': '1', 'Ambience': ""{'romantic': False, 'intimate': False, 'classy': False, 'hipster': False, 'divey': False, 'touristy': False, 'trendy': False, 'upscale': False, 'casual': False}"", 'RestaurantsGoodForGroups': 'True', 'RestaurantsTakeOut': 'True', 'WiFi': ""'free'"", 'GoodForKids': 'True', 'HasTV': 'True'}","Restaurants, Sandwiches, Pizza, Italian","{'Monday': '11:0-23:30', 'Tuesday': '11:0-23:30', 'Wednesday': '11:0-23:30', 'Thursday': '11:0-23:30', 'Friday': '11:0-23:30', 'Saturday': '11:0-23:30'}",Restaurants
6bmVsTncY7MzLlbraU4aTg,Hibachi Japanese Steakhouse & Sushi Bar,325 N Christopher Columbus Blvd,Philadelphia,PA,19106,39.9570111,-75.1374815,2.5,169,1,"{'GoodForKids': 'True', 'Alcohol': ""u'full_bar'"", 'OutdoorSeating': 'False', 'BusinessAcceptsCreditCards': 'True', 'RestaurantsReservations': 'True', 'Caters': 'False', 'RestaurantsAttire': ""'casual'"", 'WiFi': ""u'no'"", 'RestaurantsGoodForGroups': 'True', 'GoodForMeal': ""{'dessert': False, 'latenight': False, 'lunch': False, 'dinner': True, 'brunch': False, 'breakfast': False}"", 'NoiseLevel': ""u'average'"", 'BikeParking': 'True', 'HasTV': 'True', 'RestaurantsPriceRange2': '2', 'BusinessParking': ""{'garage': True, 'street': True, 'validated': False, 'lot': True, 'valet': False}"", 'Ambience': ""{'touristy': False, 'hipster': False, 'romantic': False, 'divey': False, 'intimate': False, 'trendy': False, 'upscale': False, 'classy': True, 'casual': True}"", 'DogsAllowed': 'False', 'RestaurantsDelivery': 'True', 'RestaurantsTakeOut': 'True'}","Japanese, Restaurants","{'Monday': '16:30-21:30', 'Tuesday': '16:30-21:30', 'Wednesday': '16:30-21:30', 'Thursday': '16:30-21:30', 'Friday': '16:30-23:0', 'Saturday': '15:30-23:0', 'Sunday': '12:0-21:30'}",Restaurants
OqyaD0hEytrcfC_F-ugqMw,Noir Restaurant & Bar,1909 E Passyunk Ave,Philadelphia,PA,19148,39.9263049,-75.167423,4.0,154,1,"{'RestaurantsPriceRange2': '2', 'RestaurantsAttire': ""u'casual'"", 'OutdoorSeating': 'True', 'RestaurantsGoodForGroups': 'True', 'BusinessAcceptsCreditCards': 'True', 'Caters': 'True', 'BikeParking': 'True', 'NoiseLevel': ""u'average'"", 'BusinessParking': ""{'garage': False, 'street': True, 'validated': False, 'lot': False, 'valet': False}"", 'HasTV': 'True', 'RestaurantsTakeOut': 'True', 'Alcohol': ""u'full_bar'"", 'GoodForKids': 'False', 'RestaurantsReservations': 'True', 'WiFi': ""'no'"", 'Music': ""{'dj': False, 'background_music': False, 'no_music': False, 'jukebox': False, 'live': False, 'video': False, 'karaoke': False}"", 'Ambience': ""{'touristy': False, 'hipster': False, 'romantic': False, 'divey': False, 'intimate': False, 'trendy': False, 'upscale': False, 'classy': True, 'casual': True}"", 'BestNights': ""{'monday': False, 'tuesday': False, 'friday': True, 'wednesday': True, 'thursday': True, 'sunday': False, 'saturday': False}"", 'GoodForDancing': 'False', 'HappyHour': 'True', 'CoatCheck': 'False', 'Smoking': ""u'outdoor'"", 'RestaurantsTableService': 'True', 'GoodForMeal': ""{'dessert': False, 'latenight': None, 'lunch': False, 'dinner': True, 'brunch': False, 'breakfast': False}"", 'RestaurantsDelivery': 'True'}","Restaurants, American (Traditional), Salad, Pubs, Nightlife, Bars, Italian","{'Monday': '17:0-22:0', 'Tuesday': '17:0-22:0', 'Wednesday': '17:0-22:0', 'Thursday': '17:0-22:0', 'Friday': '17:0-0:0', 'Saturday': '17:0-0:0', 'Sunday': '11:30-21:0'}",Restaurants
uIZwBkvWicqyWraXvYOipw,Sbraga,440 S Broad St,Philadelphia,PA,19146,39.9455017733,-75.1653677598,4.0,375,0,"{'NoiseLevel': ""u'average'"", 'Caters': 'False', 'RestaurantsGoodForGroups': 'True', 'RestaurantsAttire': ""u'dressy'"", 'Ambience': ""{'romantic': False, 'intimate': False, 'classy': True, 'hipster': False, 'divey': False, 'touristy': False, 'trendy': False, 'upscale': False, 'casual': False}"", 'RestaurantsTakeOut': 'False', 'RestaurantsDelivery': 'False', 'RestaurantsPriceRange2': '3', 'BusinessParking': ""{'garage': True, 'street': True, 'validated': True, 'lot': False, 'valet': False}"", 'Alcohol': ""u'full_bar'"", 'BikeParking': 'True', 'WiFi': ""u'no'"", 'BusinessAcceptsCreditCards': 'True', 'OutdoorSeating': 'False', 'HasTV': 'False', 'GoodForKids': 'False', 'RestaurantsReservations': 'True'}","Restaurants, American (New)","{'Monday': '17:0-22:0', 'Tuesday': '17:0-22:0', 'Wednesday': '17:0-22:0', 'Thursday': '17:0-22:0', 'Friday': '17:0-22:0', 'Saturday': '17:0-22:0'}",Restaurants
2g6XFQ6XD1iuNtl9ZES6cw,Saladworks,200 S Broad St,Philadelphia,PA,19102,39.9494383502,-75.1645197101,3.0,9,0,"{'Ambience': ""{'romantic': False, 'intimate': False, 'touristy': False, 'hipster': False, 'divey': False, 'classy': False, 'trendy': False, 'upscale': False, 'casual': False}"", 'RestaurantsDelivery': 'False', 'RestaurantsAttire': ""u'casual'"", 'GoodForMeal': ""{u'breakfast': False, u'brunch': False, u'lunch': True, u'dinner': None, u'latenight': False, u'dessert': False}"", 'RestaurantsPriceRange2': '1', 'BusinessAcceptsCreditCards': 'True', 'RestaurantsTakeOut': 'True', 'BusinessParking': ""{'garage': False, 'street': False, 'validated': False, 'lot': False, 'valet': False}"", 'NoiseLevel': ""u'average'"", 'RestaurantsReservations': 'False', 'OutdoorSeating': 'False', 'GoodForKids': 'True', 'RestaurantsGoodForGroups': 'True', 'Alcohol': ""u'none'"", 'HasTV': 'True', 'WiFi': ""'no'""}","Salad, Restaurants","{'Monday': '11:0-20:0', 'Tuesday': '11:0-20:0', 'Wednesday': '11:0-20:0', 'Thursday': '11:0-20:0', 'Friday': '11:0-20:0', 'Saturday': '11:0-20:0', 'Sunday': '11:0-21:0'}",Restaurants
Q5-CkgsvtlRF5GphtoBFRQ,Live Casino Hotel,900 Packer Ave,Philadelphia,PA,19148,39.9091912,-75.1646617,2.5,10,1,,"Event Planning & Services, Hotels, Hotels & Travel, Burgers, American (Traditional), Restaurants","{'Monday': '0:0-0:0', 'Tuesday': '0:0-0:0', 'Wednesday': '0:0-0:0', 'Thursday': '0:0-0:0', 'Friday': '0:0-0:0', 'Saturday': '0:0-0:0', 'Sunday': '0:0-0:0'}",Restaurants
jYi4Gy91Mmhq7WzGcb3zLQ,Yunique Pizza,1617 John F Kennedy Blvd,Philadelphia,PA,19103,39.9541164,-75.1667929,3.5,16,1,"{'Alcohol': ""u'none'"", 'Caters': 'False', 'RestaurantsGoodForGroups': 'True', 'BusinessAcceptsCreditCards': 'True', 'RestaurantsAttire': ""u'casual'"", 'NoiseLevel': ""u'loud'"", 'RestaurantsTableService': 'False', 'WheelchairAccessible': 'True', 'Ambience': ""{'romantic': False, 'intimate': False, 'touristy': False, 'hipster': False, 'divey': False, 'classy': False, 'trendy': False, 'upscale': False, 'casual': False}"", 'RestaurantsPriceRange2': '1', 'OutdoorSeating': 'False', 'WiFi': ""u'no'"", 'GoodForMeal': ""{'dessert': False, 'latenight': False, 'lunch': True, 'dinner': False, 'brunch': False, 'breakfast': False}"", 'RestaurantsReservations': 'False', 'HasTV': 'True', 'RestaurantsTakeOut': 'True', 'BikeParking': 'False', 'RestaurantsDelivery': 'False'}","Restaurants, Pizza",,Restaurants
V_jy9Aemc3kjznqhbsu_Dg,MilkBoy,1100 Chestnut St,Philadelphia,PA,19107,39.950125,-75.1587931,3.5,383,1,"{'BikeParking': 'True', 'GoodForKids': 'False', 'RestaurantsAttire': ""u'casual'"", 'WiFi': ""u'no'"", 'RestaurantsReservations': 'False', 'HasTV': 'True', 'RestaurantsTakeOut': 'True', 'GoodForDancing': 'False', 'BusinessAcceptsCreditCards': 'True', 'BusinessParking': ""{'garage': False, 'street': True, 'validated': False, 'lot': False, 'valet': False}"", 'RestaurantsPriceRange2': '2', 'RestaurantsGoodForGroups': 'True', 'DogsAllowed': 'False', 'WheelchairAccessible': 'True', 'Alcohol': ""u'full_bar'"", 'OutdoorSeating': 'True', 'HappyHour': 'True', 'Music': ""{'dj': False, 'background_music': False, 'no_music': False, 'jukebox': False, 'live': True, 'video': False, 'karaoke': False}"", 'Ambience': ""{'touristy': False, 'hipster': None, 'romantic': False, 'divey': False, 'intimate': False, 'trendy': None, 'upscale': False, 'classy': False, 'casual': True}"", 'NoiseLevel': ""u'loud'"", 'BestNights': ""{'monday': False, 'tuesday': False, 'friday': True, 'wednesday': False, 'thursday': True, 'sunday': False, 'saturday': True}"", 'RestaurantsDelivery': 'True'}","Coffee & Tea, Food, American (New), Arts & Entertainment, Nightlife, Music Venues, Restaurants, Bars","{'Monday': '7:0-2:0', 'Tuesday': '7:0-2:0', 'Wednesday': '7:0-2:0', 'Thursday': '7:0-2:0', 'Friday': '7:0-2:0', 'Saturday': '11:0-2:0', 'Sunday': '11:0-2:0'}",Restaurants
ytynqOUb3hjKeJfRj5Tshw,Reading Terminal Market,51 N 12th St,Philadelphia,PA,19107,39.9533414645,-75.1588545174,4.5,5721,1,"{'RestaurantsGoodForGroups': 'True', 'RestaurantsPriceRange2': '2', 'Corkage': 'False', 'BikeParking': 'True', 'RestaurantsAttire': ""'casual'"", 'BusinessAcceptsCreditCards': 'True', 'GoodForKids': 'True', 'Alcohol': ""'beer_and_wine'"", 'NoiseLevel': ""u'loud'"", 'RestaurantsReservations': 'False', 'GoodForMeal': ""{'dessert': False, 'latenight': False, 'lunch': True, 'dinner': False, 'brunch': True, 'breakfast': True}"", 'BYOBCorkage': ""'yes_free'"", 'DogsAllowed': 'False', 'BusinessParking': ""{'garage': True, 'street': True, 'validated': True, 'lot': True, 'valet': False}"", 'Ambience': ""{'touristy': True, 'hipster': False, 'romantic': False, 'divey': False, 'intimate': False, 'trendy': False, 'upscale': False, 'classy': True, 'casual': False}"", 'Caters': 'False', 'WiFi': ""u'no'"", 'HasTV': 'True', 'OutdoorSeating': 'None', 'RestaurantsDelivery': 'True', 'RestaurantsTakeOut': 'True', 'ByAppointmentOnly': 'False'}","Candy Stores, Shopping, Department Stores, Fast Food, Beer, Wine & Spirits, Fruits & Veggies, Chinese, Food, Ice Cream & Frozen Yogurt, Desserts, Seafood, Health Markets, Bagels, Cheese Shops, Shopping Centers, Chocolatiers & Shops, Meat Shops, Public Markets, Food Court, Wineries, Local Flavor, Ethnic Food, Restaurants, Specialty Food, Arts & Entertainment, Juice Bars & Smoothies, Seafood Markets, Farmers Market, Coffee & Tea, Bakeries, Food Stands, Dinner Theater, Sporting Goods, Grocery, Fashion","{'Monday': '8:0-18:0', 'Tuesday': '8:0-18:0', 'Wednesday': '8:0-18:0', 'Thursday': '8:0-18:0', 'Friday': '8:0-18:0', 'Saturday': '8:0-18:0', 'Sunday': '8:0-18:0'}",Restaurants
bwgK5d9oT2sUcvyBOsTREQ,Sky Cafe,"1122-38 Washington Ave, Ste B",Philadelphia,PA,19147,39.9365822,-75.1626553,4.5,224,1,"{'GoodForKids': 'True', 'WheelchairAccessible': 'True', 'RestaurantsAttire': ""u'casual'"", 'WiFi': ""u'no'"", 'BusinessAcceptsBitcoin': 'False', 'BikeParking': 'True', 'RestaurantsPriceRange2': '2', 'RestaurantsGoodForGroups': 'True', 'OutdoorSeating': 'True', 'Ambience': ""{'romantic': False, 'intimate': False, 'classy': False, 'hipster': False, 'divey': False, 'touristy': False, 'trendy': False, 'upscale': False, 'casual': True}"", 'NoiseLevel': ""u'average'"", 'GoodForMeal': ""{'dessert': None, 'latenight': False, 'lunch': True, 'dinner': True, 'brunch': None, 'breakfast': False}"", 'Alcohol': ""u'none'"", 'BusinessParking': ""{'garage': False, 'street': True, 'validated': False, 'lot': True, 'valet': False}"", 'RestaurantsTakeOut': 'True', 'RestaurantsDelivery': 'None', 'HasTV': 'True', 'DogsAllowed': 'False', 'RestaurantsReservations': 'False', 'RestaurantsTableService': 'True', 'Caters': 'True', 'HappyHour': 'False', 'BusinessAcceptsCreditCards': 'True'}","Noodles, Restaurants, Indonesian","{'Monday': '0:0-0:0', 'Tuesday': '11:0-20:0', 'Wednesday': '11:0-20:0', 'Friday': '11:0-20:0', 'Saturday': '11:0-20:0', 'Sunday': '11:0-20:0'}",Restaurants
MPQww2b74ASo1CW05BpubA,Subway,1100 South St,Philadelphia,PA,19147,39.9428357,-75.1604151,2.5,7,0,"{'RestaurantsGoodForGroups': 'True', 'OutdoorSeating': 'False', 'RestaurantsReservations': 'False', 'RestaurantsAttire': ""'casual'"", 'RestaurantsTakeOut': 'True', 'RestaurantsDelivery': 'False', 'BusinessAcceptsCreditCards': 'True', 'RestaurantsPriceRange2': '1', 'GoodForKids': 'True'}","Restaurants, Sandwiches, Fast Food",,Restaurants
qZN7FFXvMOPGq4m36rzd6Q,Red's Hoagies & Groceries,1900 S 9th St,Philadelphia,PA,19148,39.9256685,-75.1609566,3.5,12,1,"{'RestaurantsReservations': 'True', 'RestaurantsDelivery': 'True', 'GoodForKids': 'True', 'RestaurantsTakeOut': 'True', 'RestaurantsGoodForGroups': 'True', 'Alcohol': ""u'none'"", 'RestaurantsAttire': ""u'casual'"", 'HasTV': 'False', 'Caters': 'True', 'OutdoorSeating': 'False', 'BusinessAcceptsCreditCards': 'True', 'RestaurantsPriceRange2': '1', 'WiFi': ""u'no'"", 'BusinessParking': ""{'garage': False, 'street': True, 'validated': False, 'lot': False, 'valet': False}"", 'BusinessAcceptsBitcoin': 'False', 'BikeParking': 'True'}","Breakfast & Brunch, Bagels, Food, Delis, Restaurants","{'Monday': '6:0-16:0', 'Tuesday': '6:0-16:0', 'Wednesday': '6:0-16:0', 'Thursday': '6:0-16:0', 'Friday': '6:0-16:0', 'Saturday': '8:0-15:30'}",Restaurants
WZfyxxWi6ZiperQ1Hfy_bQ,Adrianas Breakfast and Lunch,1717 S 2nd St,Philadelphia,PA,19148,39.9262488,-75.1492853,3.5,6,0,"{'GoodForKids': 'True', 'RestaurantsPriceRange2': '1', 'BusinessParking': ""{'garage': False, 'street': False, 'validated': False, 'lot': False, 'valet': False}"", 'RestaurantsReservations': 'False'}","Delis, Restaurants, Sandwiches",,Restaurants
CR_hm3-T9HEGGWTElXErRw,McDonald's,1601 S Columbus Blvd,Philadelphia,PA,19148,39.924036,-75.142563,1.5,19,1,"{'RestaurantsReservations': 'False', 'BusinessAcceptsCreditCards': 'True', 'RestaurantsTakeOut': 'True', 'RestaurantsPriceRange2': '1', 'Caters': 'False', 'GoodForKids': 'True', 'RestaurantsAttire': ""u'casual'"", 'OutdoorSeating': 'True', 'RestaurantsDelivery': 'True', 'DriveThru': 'True', 'Ambience': 'None', 'GoodForMeal': ""{'dessert': True, 'latenight': False, 'lunch': False, 'dinner': False, 'brunch': False, 'breakfast': False}"", 'RestaurantsGoodForGroups': 'True', 'BusinessParking': ""{'garage': False, 'street': False, 'validated': False, 'lot': False, 'valet': False}"", 'WiFi': ""'free'"", 'HasTV': 'True'}","Restaurants, Fast Food, Food, Burgers, Coffee & Tea","{'Monday': '0:0-0:0', 'Tuesday': '0:0-0:0', 'Wednesday': '0:0-0:0', 'Thursday': '0:0-0:0', 'Friday': '0:0-0:0', 'Saturday': '0:0-0:0', 'Sunday': '7:0-23:0'}",Restaurants
x39G7-aTCVh-972fgogKtA,Old City Coffee,221 Church St,Philadelphia,PA,19106,39.95079,-75.144829,4.0,239,1,"{'WiFi': ""u'free'"", 'BikeParking': 'True', 'OutdoorSeating': 'True', 'RestaurantsPriceRange2': '1', 'BusinessParking': ""{'garage': False, 'street': True, 'validated': False, 'lot': False, 'valet': False}"", 'BusinessAcceptsCreditCards': 'True', 'Alcohol': ""'none'"", 'RestaurantsDelivery': 'True', 'Caters': 'True', 'RestaurantsReservations': 'False', 'DogsAllowed': 'False', 'RestaurantsTakeOut': 'True'}","Food, Coffee & Tea, Cafes, Restaurants, Coffee Roasteries","{'Monday': '0:0-0:0', 'Tuesday': '7:0-17:0', 'Wednesday': '7:0-17:0', 'Thursday': '7:0-17:0', 'Friday': '7:0-17:0', 'Saturday': '7:0-16:0', 'Sunday': '8:0-17:0'}",Restaurants
rKt59L8Cs-mZOA0qCp1VOg,La Sarten Express Food,7th St & Fernon St,Philadelphia,PA,19148,39.928546,-75.156939,3.5,15,1,"{'HasTV': 'False', 'RestaurantsReservations': 'False', 'RestaurantsAttire': ""u'casual'"", 'WiFi': ""'no'"", 'NoiseLevel': ""'quiet'"", 'BikeParking': 'True', 'RestaurantsTakeOut': 'True', 'GoodForKids': 'True', 'RestaurantsPriceRange2': '1', 'RestaurantsDelivery': 'True', 'Alcohol': ""u'none'"", 'OutdoorSeating': 'True', 'RestaurantsGoodForGroups': 'True', 'Ambience': ""{'romantic': False, 'intimate': False, 'classy': False, 'hipster': False, 'divey': False, 'touristy': False, 'trendy': False, 'upscale': False, 'casual': False}"", 'BusinessAcceptsCreditCards': 'True', 'BusinessParking': ""{u'valet': False, u'garage': None, u'street': True, u'lot': False, u'validated': False}""}","Food Trucks, Mexican, Food, Restaurants",,Restaurants
yHsG1SuEtB_pTZ9TjvOxrg,Boutros Greek & Middle Eastern Food,224 S Broad St,Philadelphia,PA,19102,39.9494902133,-75.1642727852,3.0,20,1,"{'RestaurantsReservations': 'False', 'RestaurantsGoodForGroups': 'True', 'RestaurantsTakeOut': 'True', 'RestaurantsPriceRange2': '2', 'BikeParking': 'True', 'RestaurantsDelivery': 'False', 'Alcohol': ""u'none'"", 'BusinessParking': ""{'garage': False, 'street': False, 'validated': False, 'lot': False, 'valet': False}"", 'Ambience': ""{'romantic': False, 'intimate': False, 'classy': False, 'hipster': False, 'divey': False, 'touristy': False, 'trendy': False, 'upscale': False, 'casual': False}"", 'BusinessAcceptsCreditCards': 'True', 'RestaurantsAttire': ""'casual'"", 'OutdoorSeating': 'False', 'NoiseLevel': ""'average'"", 'HasTV': 'True'}","Restaurants, Middle Eastern","{'Monday': '11:0-18:0', 'Tuesday': '11:0-18:0', 'Wednesday': '11:0-18:0', 'Thursday': '11:0-18:0', 'Friday': '11:0-18:0', 'Saturday': '11:0-17:0'}",Restaurants
qD5_El9SoKo0qJCdgQvivw,Crescent City,900 South St,Philadelphia,PA,19147,39.9425522,-75.1573231,4.5,7,0,"{'RestaurantsAttire': ""u'casual'"", 'Alcohol': ""u'full_bar'"", 'BusinessParking': ""{'garage': False, 'street': False, 'validated': False, 'lot': False, 'valet': False}"", 'BusinessAcceptsCreditCards': 'True', 'OutdoorSeating': 'True', 'GoodForKids': 'True', 'RestaurantsReservations': 'True', 'RestaurantsPriceRange2': '2', 'RestaurantsGoodForGroups': 'True'}","Restaurants, Cajun/Creole, American (New)",,Restaurants
cbDPotTFcIBONQH6kFFyVA,"Millie's Burgers, Steaks & Shakes",1441 W Shunk St,Philadelphia,PA,19145,39.9185228,-75.1725846,2.5,71,1,"{'WiFi': ""'no'"", 'OutdoorSeating': 'True', 'RestaurantsReservations': 'False', 'NoiseLevel': ""u'average'"", 'BikeParking': 'False', 'Alcohol': ""u'none'"", 'BusinessAcceptsCreditCards': 'True', 'RestaurantsPriceRange2': '1', 'WheelchairAccessible': 'False', 'RestaurantsGoodForGroups': 'False', 'Ambience': ""{'romantic': False, 'intimate': False, 'classy': False, 'hipster': False, 'divey': False, 'touristy': False, 'trendy': False, 'upscale': False, 'casual': False}"", 'RestaurantsTakeOut': 'True', 'HasTV': 'False', 'BusinessParking': ""{'garage': False, 'street': False, 'validated': False, 'lot': False, 'valet': False}"", 'Caters': 'True', 'GoodForKids': 'True', 'RestaurantsAttire': ""u'casual'"", 'RestaurantsDelivery': 'True'}","Ice Cream & Frozen Yogurt, Burgers, Restaurants, Food, Pizza, American (Traditional)","{'Monday': '11:0-22:30', 'Tuesday': '11:0-22:30', 'Wednesday': '11:0-22:30', 'Thursday': '11:0-22:30', 'Friday': '11:0-22:30', 'Saturday': '11:0-22:30', 'Sunday': '11:0-22:30'}",Restaurants
NKHiFAO78E_ty7xpK_gVKw,The Restaurant at JNA Institute of Culinary Arts,1212 S Broad St,Philadelphia,PA,19146,39.9351965,-75.1676847,4.0,61,1,"{'NoiseLevel': ""u'quiet'"", 'BusinessParking': ""{'garage': False, 'street': True, 'validated': False, 'lot': False, 'valet': False}"", 'RestaurantsAttire': ""u'casual'"", 'BusinessAcceptsCreditCards': 'True', 'HasTV': 'False', 'GoodForKids': 'False', 'OutdoorSeating': 'False', 'RestaurantsPriceRange2': '2', 'BikeParking': 'False', 'Ambience': ""{'romantic': False, 'intimate': False, 'classy': False, 'hipster': False, 'divey': False, 'touristy': False, 'trendy': False, 'upscale': False, 'casual': False}"", 'RestaurantsGoodForGroups': 'True', 'RestaurantsReservations': 'True', 'Alcohol': ""u'beer_and_wine'"", 'RestaurantsDelivery': 'False', 'WiFi': ""u'free'"", 'RestaurantsTakeOut': 'True', 'BusinessAcceptsBitcoin': 'False', 'Caters': 'True', 'WheelchairAccessible': 'False'}","American (Traditional), Caterers, Cooking Schools, Specialty Schools, Education, Event Planning & Services, Restaurants","{'Thursday': '16:30-20:0', 'Friday': '16:30-20:0'}",Restaurants
i89mbAOMy4HVJRllmIKyzQ,Wrap Shack,120 S 18th St,Philadelphia,PA,19103,39.9511294,-75.1707078,3.5,300,0,"{'Alcohol': ""u'full_bar'"", 'RestaurantsGoodForGroups': 'True', 'Corkage': 'False', 'RestaurantsTakeOut': 'True', 'RestaurantsDelivery': 'True', 'BYOBCorkage': ""'yes_free'"", 'RestaurantsAttire': ""'casual'"", 'OutdoorSeating': 'True', 'RestaurantsReservations': 'False', 'BusinessParking': ""{'garage': False, 'street': True, 'validated': False, 'lot': False, 'valet': False}"", 'WiFi': ""u'free'"", 'BikeParking': 'True', 'GoodForKids': 'False', 'Caters': 'True', 'BusinessAcceptsCreditCards': 'True', 'NoiseLevel': ""u'average'"", 'HasTV': 'True', 'Ambience': ""{'touristy': False, 'hipster': False, 'romantic': False, 'divey': None, 'intimate': False, 'trendy': False, 'upscale': False, 'classy': False, 'casual': True}"", 'ByAppointmentOnly': 'False', 'RestaurantsTableService': 'True', 'GoodForMeal': ""{'dessert': False, 'latenight': None, 'lunch': True, 'dinner': None, 'brunch': False, 'breakfast': False}"", 'RestaurantsPriceRange2': '2'}","Restaurants, Bars, Ethnic Food, American (Traditional), Sandwiches, Wraps, Food Delivery Services, Nightlife, American (New), Seafood, Sports Bars, Food, Specialty Food","{'Monday': '0:0-0:0', 'Tuesday': '10:30-22:0', 'Wednesday': '10:30-22:0', 'Thursday': '10:30-23:0', 'Friday': '15:0-2:0', 'Saturday': '12:0-23:0', 'Sunday': '12:0-23:0'}",Restaurants
IsmxvaMe2i-eWnHDyC0WJQ,Rice & Mix,128 S 12th St,Philadelphia,PA,19107,39.949329,-75.160724,3.5,188,1,"{'BusinessAcceptsCreditCards': 'True', 'BikeParking': 'True', 'BYOBCorkage': ""u'yes_corkage'"", 'Caters': 'True', 'RestaurantsTakeOut': 'True', 'RestaurantsDelivery': 'True', 'RestaurantsGoodForGroups': 'True', 'RestaurantsAttire': ""u'casual'"", 'Alcohol': ""u'none'"", 'WiFi': ""'free'"", 'OutdoorSeating': 'False', 'RestaurantsPriceRange2': '2', 'Ambience': ""{'romantic': False, 'intimate': False, 'touristy': False, 'hipster': False, 'divey': False, 'classy': False, 'trendy': False, 'upscale': False, 'casual': True}"", 'GoodForKids': 'True', 'NoiseLevel': ""u'average'"", 'RestaurantsReservations': 'False', 'BusinessParking': ""{'garage': None, 'street': True, 'validated': False, 'lot': False, 'valet': False}"", 'HasTV': 'True', 'GoodForMeal': ""{'dessert': False, 'latenight': False, 'lunch': True, 'dinner': None, 'brunch': False, 'breakfast': False}""}","Restaurants, Korean","{'Monday': '11:0-21:0', 'Tuesday': '11:0-21:0', 'Wednesday': '11:0-21:0', 'Thursday': '11:0-21:0', 'Friday': '11:0-21:0', 'Saturday': '11:0-21:0', 'Sunday': '16:0-21:0'}",Restaurants
d4QDtxEVBncaFLAxggRoqQ,Philadelphia Bar & Restaurant,120 Market St,Philadelphia,PA,19106,39.9496707,-75.1431203,3.5,87,0,"{'WiFi': ""u'free'"", 'RestaurantsAttire': ""u'casual'"", 'RestaurantsPriceRange2': '2', 'Alcohol': ""u'full_bar'"", 'BusinessParking': ""{'garage': False, 'street': True, 'validated': False, 'lot': False, 'valet': False}"", 'GoodForKids': 'False', 'RestaurantsGoodForGroups': 'True', 'Ambience': ""{'romantic': False, 'intimate': False, 'touristy': False, 'hipster': False, 'divey': False, 'classy': False, 'trendy': False, 'upscale': False, 'casual': True}"", 'BusinessAcceptsCreditCards': 'True', 'RestaurantsDelivery': 'False', 'RestaurantsTakeOut': 'True', 'OutdoorSeating': 'True', 'Caters': 'False', 'HasTV': 'True', 'RestaurantsReservations': 'True', 'NoiseLevel': ""u'average'"", 'HappyHour': 'True'}","Breakfast & Brunch, Restaurants, American (New), Food, Gastropubs","{'Monday': '11:30-2:0', 'Tuesday': '11:30-2:0', 'Wednesday': '11:30-2:0', 'Thursday': '11:30-2:0', 'Friday': '11:30-2:0', 'Saturday': '11:30-2:0', 'Sunday': '11:0-2:0'}",Restaurants
DKXeB-JIou5XPI49CzITuQ,China House,2123 W Oregon Ave,Philadelphia,PA,19145,39.9190372,-75.1836988,4.0,66,1,"{'RestaurantsDelivery': 'False', 'WiFi': ""'no'"", 'RestaurantsGoodForGroups': 'False', 'Alcohol': ""u'none'"", 'RestaurantsTakeOut': 'True', 'BikeParking': 'False', 'RestaurantsAttire': ""u'casual'"", 'RestaurantsPriceRange2': '1', 'RestaurantsReservations': 'False', 'BusinessAcceptsCreditCards': 'False', 'Caters': 'False', 'NoiseLevel': ""u'average'"", 'OutdoorSeating': 'False', 'GoodForMeal': ""{'dessert': False, 'latenight': False, 'lunch': True, 'dinner': True, 'brunch': False, 'breakfast': False}"", 'RestaurantsTableService': 'False', 'GoodForKids': 'True', 'HasTV': 'True', 'HappyHour': 'False', 'Ambience': ""{u'divey': True, u'hipster': False, u'casual': True, u'touristy': False, u'trendy': False, u'intimate': False, u'romantic': False, u'classy': False, u'upscale': False}"", 'BusinessParking': ""{u'valet': False, u'garage': None, u'street': None, u'lot': True, u'validated': False}""}","Restaurants, Chinese","{'Monday': '10:0-22:0', 'Tuesday': '10:0-22:0', 'Wednesday': '10:0-22:0', 'Thursday': '10:0-22:0', 'Friday': '10:0-23:0', 'Saturday': '11:0-23:0', 'Sunday': '12:0-23:0'}",Restaurants
6OTy5-0NdmxgxqCLVuIJaA,M Kee,1002 Race St,Philadelphia,PA,19107,39.9552318,-75.1561191,4.0,232,1,"{'Ambience': ""{'romantic': False, 'intimate': False, 'touristy': False, 'hipster': False, 'divey': False, 'classy': False, 'trendy': False, 'upscale': False, 'casual': True}"", 'RestaurantsReservations': 'False', 'BusinessParking': ""{'garage': False, 'street': True, 'validated': False, 'lot': False, 'valet': False}"", 'GoodForKids': 'True', 'Alcohol': ""u'none'"", 'RestaurantsGoodForGroups': 'True', 'RestaurantsTakeOut': 'True', 'RestaurantsAttire': ""u'casual'"", 'NoiseLevel': ""u'average'"", 'OutdoorSeating': 'False', 'Caters': 'False', 'BikeParking': 'True', 'RestaurantsTableService': 'True', 'WiFi': ""u'no'"", 'GoodForMeal': ""{'dessert': False, 'latenight': False, 'lunch': True, 'dinner': True, 'brunch': None, 'breakfast': None}"", 'RestaurantsPriceRange2': '1', 'HasTV': 'True', 'BusinessAcceptsCreditCards': 'True', 'RestaurantsDelivery': 'None'}","Restaurants, Chinese","{'Monday': '8:0-22:0', 'Tuesday': '8:0-22:0', 'Wednesday': '8:0-22:0', 'Thursday': '8:0-22:0', 'Friday': '8:0-23:0', 'Saturday': '8:0-23:0', 'Sunday': '8:0-22:0'}",Restaurants
WA2dW8HafdFte-dEWStZzg,Kato's Cajun,1625 Chestnut St,Philadelphia,PA,19103,39.9515705,-75.1680038,2.5,18,1,"{'RestaurantsAttire': ""'casual'"", 'Alcohol': ""u'none'"", 'RestaurantsGoodForGroups': 'False', 'RestaurantsDelivery': 'False', 'GoodForKids': 'True', 'RestaurantsTakeOut': 'True', 'RestaurantsPriceRange2': '1', 'OutdoorSeating': 'False', 'Ambience': ""{'romantic': False, 'intimate': False, 'classy': False, 'hipster': False, 'divey': False, 'touristy': False, 'trendy': False, 'upscale': False, 'casual': False}"", 'RestaurantsReservations': 'False', 'BusinessParking': ""{'garage': False, 'street': False, 'validated': False, 'lot': False, 'valet': False}"", 'BusinessAcceptsCreditCards': 'True', 'HasTV': 'True', 'BikeParking': 'True'}","Cajun/Creole, Restaurants",,Restaurants
yDKf31OKa0HZrq31JK9EMg,Fireside Tavern,2701 S Marshall St,Philadelphia,PA,19148,39.9150109943,-75.1585558434,3.5,10,1,"{'Alcohol': ""u'full_bar'"", 'BusinessParking': ""{'garage': False, 'street': True, 'validated': False, 'lot': False, 'valet': False}"", 'RestaurantsGoodForGroups': 'True', 'Ambience': ""{'romantic': False, 'intimate': False, 'touristy': False, 'hipster': False, 'divey': False, 'classy': False, 'trendy': False, 'upscale': False, 'casual': False}"", 'BikeParking': 'True', 'RestaurantsDelivery': 'False', 'RestaurantsTakeOut': 'False', 'BusinessAcceptsCreditCards': 'False', 'Caters': 'False', 'NoiseLevel': ""u'average'"", 'OutdoorSeating': 'False', 'HasTV': 'True', 'RestaurantsReservations': 'False', 'RestaurantsPriceRange2': '1', 'WiFi': ""u'free'""}","Dive Bars, Sports Bars, American (Traditional), Nightlife, Sandwiches, Event Planning & Services, Venues & Event Spaces, Bars, Restaurants","{'Monday': '7:0-2:0', 'Tuesday': '7:0-2:0', 'Wednesday': '7:0-2:0', 'Thursday': '7:0-2:0', 'Friday': '7:0-2:0', 'Saturday': '7:0-2:0', 'Sunday': '10:0-2:0'}",Restaurants
WYel6hMEEPNwzVUlVBacbw,honeygrow,110 S 16th St,Philadelphia,PA,19102,39.9507231094,-75.1675008738,3.5,560,1,"{'RestaurantsReservations': 'False', 'Alcohol': ""u'none'"", 'ByAppointmentOnly': 'False', 'Caters': 'True', 'BusinessParking': ""{'garage': False, 'street': True, 'validated': False, 'lot': False, 'valet': False}"", 'HasTV': 'False', 'BusinessAcceptsCreditCards': 'True', 'RestaurantsPriceRange2': '2', 'RestaurantsTakeOut': 'True', 'GoodForKids': 'True', 'NoiseLevel': ""u'average'"", 'BusinessAcceptsBitcoin': 'False', 'Ambience': ""{'touristy': False, 'hipster': None, 'romantic': False, 'divey': False, 'intimate': False, 'trendy': None, 'upscale': False, 'classy': True, 'casual': True}"", 'BikeParking': 'True', 'WheelchairAccessible': 'True', 'WiFi': ""u'free'"", 'RestaurantsAttire': ""u'casual'"", 'RestaurantsTableService': 'False', 'RestaurantsDelivery': 'True', 'RestaurantsGoodForGroups': 'True', 'GoodForMeal': ""{'dessert': False, 'latenight': False, 'lunch': True, 'dinner': None, 'brunch': False, 'breakfast': False}"", 'DogsAllowed': 'False', 'BYOB': 'False', 'OutdoorSeating': 'True', 'Corkage': 'False'}","Salad, Restaurants, Noodles, Juice Bars & Smoothies, Vegetarian, Food, Fruits & Veggies, Specialty Food, Vegan","{'Monday': '0:0-0:0', 'Tuesday': '10:30-22:0', 'Wednesday': '10:30-22:0', 'Thursday': '10:30-22:0', 'Friday': '10:30-22:0', 'Saturday': '10:30-22:0', 'Sunday': '10:30-22:0'}",Restaurants
REns5fQe45Nk_D2UwQyr0w,Barra Restaurant,239 Chestnut St,Philadelphia,PA,19106,39.948818,-75.1456539,2.5,117,0,"{'Caters': 'True', 'WiFi': ""u'free'"", 'RestaurantsReservations': 'True', 'RestaurantsTakeOut': 'True', 'BusinessAcceptsCreditCards': 'True', 'BikeParking': 'True', 'NoiseLevel': ""u'average'"", 'RestaurantsAttire': ""u'casual'"", 'RestaurantsDelivery': 'True', 'RestaurantsGoodForGroups': 'True', 'RestaurantsPriceRange2': '2', 'GoodForKids': 'False', 'HasTV': 'True', 'OutdoorSeating': 'True', 'Alcohol': ""u'full_bar'"", 'Ambience': ""{'romantic': False, 'intimate': False, 'classy': False, 'hipster': False, 'divey': False, 'touristy': False, 'trendy': False, 'upscale': False, 'casual': True}"", 'HappyHour': 'True', 'BusinessParking': ""{'garage': False, 'street': True, 'validated': False, 'lot': False, 'valet': False}""}","Restaurants, Bars, Pizza, Nightlife, Italian","{'Monday': '11:0-23:0', 'Tuesday': '11:0-23:0', 'Wednesday': '11:0-23:0', 'Thursday': '11:0-23:0', 'Friday': '11:0-23:0', 'Saturday': '11:0-23:0', 'Sunday': '11:0-23:0'}",Restaurants
DFewXTd0J-u-3kIzOES9zg,Village Taverna,769 E Passyunk Ave,Philadelphia,PA,19147,39.9388690621,-75.1524720713,4.0,26,0,"{'WheelchairAccessible': 'True', 'BikeParking': 'True', 'OutdoorSeating': 'True', 'RestaurantsReservations': 'True', 'NoiseLevel': ""u'average'"", 'GoodForKids': 'True', 'HasTV': 'False', 'WiFi': ""u'free'"", 'BusinessParking': ""{'garage': False, 'street': True, 'validated': False, 'lot': True, 'valet': False}"", 'Ambience': ""{'touristy': False, 'hipster': False, 'romantic': False, 'divey': False, 'intimate': False, 'trendy': False, 'upscale': False, 'classy': False, 'casual': False}"", 'Caters': 'True', 'RestaurantsAttire': ""u'casual'"", 'Alcohol': ""u'none'"", 'GoodForMeal': ""{'dessert': False, 'latenight': False, 'lunch': False, 'dinner': True, 'brunch': False, 'breakfast': False}"", 'RestaurantsTakeOut': 'True', 'RestaurantsGoodForGroups': 'True', 'RestaurantsTableService': 'True', 'RestaurantsPriceRange2': '2', 'BusinessAcceptsCreditCards': 'True', 'DogsAllowed': 'True', 'RestaurantsDelivery': 'False'}","Falafel, Restaurants, Breakfast & Brunch, Greek, Mediterranean, Salad","{'Tuesday': '16:0-22:0', 'Wednesday': '16:0-22:0', 'Thursday': '16:0-22:0', 'Friday': '16:0-23:0', 'Saturday': '16:0-23:0', 'Sunday': '15:0-21:0'}",Restaurants
UydC4Zx5N3TZBB1PfzWMMg,Chick-fil-A,9 Market St,Philadelphia,PA,19102,39.95077,-75.155038,3.5,14,0,"{'RestaurantsDelivery': 'False', 'BusinessAcceptsCreditCards': 'True', 'RestaurantsAttire': ""'casual'"", 'RestaurantsPriceRange2': '1', 'RestaurantsTakeOut': 'True', 'RestaurantsReservations': 'False', 'GoodForKids': 'True', 'NoiseLevel': ""u'very_loud'"", 'HasTV': 'False', 'WiFi': ""'no'"", 'Ambience': ""{'romantic': False, 'intimate': False, 'touristy': False, 'hipster': False, 'divey': False, 'classy': False, 'trendy': False, 'upscale': False, 'casual': False}"", 'Alcohol': ""'none'"", 'OutdoorSeating': 'False', 'BikeParking': 'False', 'RestaurantsGoodForGroups': 'True', 'Caters': 'True', 'BusinessParking': ""{'garage': False, 'street': False, 'validated': False, 'lot': True, 'valet': False}""}","Fast Food, Restaurants, American (Traditional)","{'Monday': '7:0-19:0', 'Tuesday': '7:0-19:0', 'Wednesday': '7:0-19:0', 'Thursday': '7:0-19:0', 'Friday': '7:0-20:0', 'Saturday': '9:0-19:0'}",Restaurants
JxRSBtTNuLULDfKI3YGQSA,Asia Bakery,115 N 10th St,Philadelphia,PA,19107,39.9540019,-75.1560283,4.0,65,1,"{'BusinessParking': ""{'garage': False, 'street': True, 'validated': False, 'lot': False, 'valet': False}"", 'RestaurantsPriceRange2': '1', 'BikeParking': 'True', 'RestaurantsTakeOut': 'True', 'RestaurantsDelivery': 'False', 'BusinessAcceptsCreditCards': 'False'}","Bakeries, Food, Restaurants","{'Monday': '7:0-19:0', 'Tuesday': '7:0-19:0', 'Wednesday': '7:0-19:0', 'Thursday': '7:0-19:0', 'Friday': '7:0-19:0', 'Saturday': '7:0-19:0', 'Sunday': '7:0-19:0'}",Restaurants
Qm8pSLYuVS7eIyOx5YsWBw,Glory Beer Bar & Kitchen,126 Chestnut St,Philadelphia,PA,19106,39.9481792,-75.1435446,4.5,203,1,"{'OutdoorSeating': 'True', 'RestaurantsTakeOut': 'True', 'BusinessAcceptsBitcoin': 'False', 'Alcohol': ""u'full_bar'"", 'NoiseLevel': ""u'average'"", 'CoatCheck': 'False', 'Caters': 'False', 'Corkage': 'False', 'RestaurantsTableService': 'True', 'WiFi': ""u'free'"", 'HasTV': 'True', 'RestaurantsPriceRange2': '2', 'Music': ""{'dj': False, 'background_music': False, 'no_music': False, 'jukebox': False, 'live': False, 'video': False, 'karaoke': None}"", 'HappyHour': 'True', 'Smoking': ""u'no'"", 'RestaurantsReservations': 'True', 'GoodForDancing': 'False', 'Ambience': ""{'touristy': False, 'hipster': False, 'romantic': False, 'divey': False, 'intimate': False, 'trendy': False, 'upscale': False, 'classy': True, 'casual': False}"", 'BestNights': ""{'monday': False, 'tuesday': False, 'friday': False, 'wednesday': False, 'thursday': False, 'sunday': False, 'saturday': True}"", 'BusinessAcceptsCreditCards': 'True', 'DogsAllowed': 'True', 'BikeParking': 'True', 'RestaurantsGoodForGroups': 'True', 'BYOB': 'False', 'RestaurantsDelivery': 'True', 'WheelchairAccessible': 'True', 'BusinessParking': ""{'garage': True, 'street': True, 'validated': False, 'lot': True, 'valet': False}"", 'GoodForMeal': ""{u'breakfast': None, u'brunch': None, u'lunch': None, u'dinner': True, u'latenight': None, u'dessert': None}""}","American (New), Local Flavor, Bars, Restaurants, Gastropubs, Nightlife, Beer Bar, Sandwiches","{'Monday': '15:0-2:0', 'Tuesday': '16:0-2:0', 'Wednesday': '16:0-2:0', 'Thursday': '12:0-2:0', 'Friday': '12:0-2:0', 'Saturday': '12:0-2:0', 'Sunday': '12:0-2:0'}",Restaurants
CPgWuWGZ4v2sZr5_-1kluw,Checkers,1208 N. Broad,Philadelphia,PA,19121,39.9719414,-75.159771,2.0,21,1,"{'OutdoorSeating': 'True', 'RestaurantsAttire': ""'casual'"", 'RestaurantsPriceRange2': '1', 'Ambience': ""{'romantic': False, 'intimate': False, 'classy': False, 'hipster': False, 'divey': False, 'touristy': False, 'trendy': False, 'upscale': False, 'casual': False}"", 'WiFi': ""u'no'"", 'RestaurantsTakeOut': 'True', 'Alcohol': ""u'none'"", 'NoiseLevel': ""'average'"", 'GoodForKids': 'True', 'RestaurantsReservations': 'False', 'RestaurantsGoodForGroups': 'True', 'BusinessParking': ""{'garage': False, 'street': False, 'validated': False, 'lot': True, 'valet': False}"", 'HasTV': 'True', 'RestaurantsTableService': 'True', 'DriveThru': 'True', 'BusinessAcceptsCreditCards': 'True', 'Caters': 'False', 'GoodForMeal': ""{'dessert': False, 'latenight': False, 'lunch': False, 'dinner': False, 'brunch': False, 'breakfast': False}"", 'BikeParking': 'True', 'RestaurantsDelivery': 'True'}","Restaurants, Fast Food, Burgers","{'Monday': '10:0-4:0', 'Tuesday': '10:0-4:0', 'Wednesday': '10:0-4:0', 'Thursday': '10:0-5:0', 'Friday': '10:0-6:0', 'Saturday': '10:0-6:0', 'Sunday': '10:0-4:0'}",Restaurants
PdMXmOWDRHICAx6SLgu1dQ,24,2401 Walnut St,Philadelphia,PA,19103,39.9515211,-75.1798731,3.5,111,0,"{'BikeParking': 'True', 'RestaurantsTableService': 'True', 'WiFi': ""u'free'"", 'Caters': 'True', 'GoodForMeal': ""{'dessert': False, 'latenight': False, 'lunch': True, 'dinner': True, 'brunch': False, 'breakfast': False}"", 'GoodForDancing': 'False', 'HappyHour': 'True', 'DogsAllowed': 'False', 'Alcohol': ""u'full_bar'"", 'RestaurantsPriceRange2': '2', 'OutdoorSeating': 'True', 'RestaurantsTakeOut': 'True', 'RestaurantsGoodForGroups': 'True', 'HasTV': 'True', 'Ambience': ""{'touristy': False, 'hipster': False, 'romantic': False, 'divey': False, 'intimate': False, 'trendy': True, 'upscale': False, 'classy': False, 'casual': True}"", 'GoodForKids': 'True', 'WheelchairAccessible': 'True', 'BusinessAcceptsBitcoin': 'False', 'Music': ""{'dj': False, 'background_music': False, 'no_music': False, 'jukebox': False, 'live': False, 'video': False, 'karaoke': False}"", 'BusinessAcceptsCreditCards': 'True', 'RestaurantsDelivery': 'True', 'Smoking': ""u'no'"", 'RestaurantsReservations': 'True', 'NoiseLevel': ""u'loud'"", 'BusinessParking': ""{'garage': False, 'street': True, 'validated': True, 'lot': True, 'valet': False}"", 'RestaurantsAttire': ""'casual'""}","Italian, Bars, Restaurants, Nightlife, Wine Bars, Breakfast & Brunch","{'Monday': '17:0-21:0', 'Tuesday': '17:0-21:0', 'Wednesday': '17:0-21:0', 'Thursday': '17:0-21:0', 'Friday': '17:0-22:0', 'Saturday': '11:0-22:0', 'Sunday': '11:0-21:0'}",Restaurants
mNXfzN6L3GPJdUJXbSsmfw,Pietro's Coal Oven Pizzeria,121 South St,Philadelphia,PA,19147,39.941209,-75.144858,4.0,216,1,"{'BusinessAcceptsCreditCards': 'True', 'RestaurantsGoodForGroups': 'True', 'RestaurantsPriceRange2': '2', 'RestaurantsAttire': ""'casual'"", 'BYOBCorkage': ""'no'"", 'Alcohol': ""u'full_bar'"", 'OutdoorSeating': 'True', 'RestaurantsReservations': 'True', 'GoodForKids': 'True', 'BikeParking': 'True', 'BusinessParking': ""{'garage': False, 'street': True, 'validated': False, 'lot': False, 'valet': False}"", 'WiFi': ""u'no'"", 'RestaurantsTakeOut': 'True', 'HasTV': 'True', 'Music': ""{'dj': False, 'background_music': False, 'no_music': False, 'jukebox': False, 'live': False, 'video': False, 'karaoke': False}"", 'HappyHour': 'True', 'GoodForMeal': ""{'dessert': False, 'latenight': False, 'lunch': False, 'dinner': True, 'brunch': False, 'breakfast': False}"", 'NoiseLevel': ""u'average'"", 'RestaurantsDelivery': 'True', 'Ambience': ""{'touristy': False, 'hipster': False, 'romantic': None, 'divey': False, 'intimate': None, 'trendy': False, 'upscale': False, 'classy': None, 'casual': True}"", 'BestNights': ""{'monday': False, 'tuesday': False, 'friday': False, 'wednesday': False, 'thursday': False, 'sunday': False, 'saturday': False}"", 'Caters': 'True', 'GoodForDancing': 'False', 'RestaurantsTableService': 'True'}","Cocktail Bars, Restaurants, Salad, Bars, Nightlife, Italian, Pizza","{'Wednesday': '15:0-20:0', 'Thursday': '15:0-20:0', 'Friday': '15:0-20:0', 'Saturday': '15:0-20:0', 'Sunday': '15:0-20:0'}",Restaurants
u0NAXvm0bzES97r9IdF4Qg,Bump,1234 Locust St,Philadelphia,PA,19107,39.9477815,-75.162146,3.5,36,0,"{'RestaurantsPriceRange2': '2', 'RestaurantsReservations': 'True', 'BusinessAcceptsCreditCards': 'True', 'BYOBCorkage': ""'no'"", 'RestaurantsAttire': ""'casual'"", 'GoodForKids': 'False', 'RestaurantsGoodForGroups': 'True', 'OutdoorSeating': 'True', 'RestaurantsTakeOut': 'False', 'BusinessParking': ""{'garage': False, 'street': True, 'validated': False, 'lot': False, 'valet': False}"", 'RestaurantsDelivery': 'False', 'Alcohol': ""'full_bar'"", 'HappyHour': 'True'}","Nightlife, Gay Bars, Bars, Tapas Bars, Restaurants, Lounges, American (New)",,Restaurants
ugSVRAKO6mxvsrElFg8USw,México Lindo,700 Moore St,Philadelphia,PA,19148,39.926402,-75.1575374,4.5,73,1,"{'RestaurantsDelivery': 'True', 'HasTV': 'True', 'WiFi': ""'paid'"", 'BusinessParking': ""{'garage': False, 'street': True, 'validated': False, 'lot': False, 'valet': False}"", 'RestaurantsReservations': 'False', 'NoiseLevel': ""u'quiet'"", 'BikeParking': 'True', 'BusinessAcceptsCreditCards': 'False', 'Alcohol': ""u'none'"", 'RestaurantsPriceRange2': '1', 'GoodForMeal': ""{'dessert': False, 'latenight': False, 'lunch': True, 'dinner': None, 'brunch': None, 'breakfast': None}"", 'RestaurantsTakeOut': 'True', 'RestaurantsGoodForGroups': 'True', 'OutdoorSeating': 'False', 'RestaurantsTableService': 'True', 'GoodForKids': 'True', 'RestaurantsAttire': ""u'casual'"", 'Ambience': ""{u'divey': True, u'hipster': False, u'casual': None, u'touristy': False, u'trendy': False, u'intimate': None, u'romantic': False, u'classy': False, u'upscale': False}""}","Mexican, Restaurants","{'Monday': '10:0-22:0', 'Tuesday': '10:0-22:0', 'Wednesday': '10:0-22:0', 'Thursday': '10:0-22:0', 'Friday': '10:0-22:0', 'Saturday': '10:0-22:0', 'Sunday': '10:0-22:0'}",Restaurants
6vp741cxMvQMicJ3qZuLGQ,2nd Street Brew House,1700 S 2nd St,Philadelphia,PA,19148,39.926632,-75.1493732,4.0,72,1,"{'RestaurantsPriceRange2': '2', 'RestaurantsTakeOut': 'True', 'RestaurantsReservations': 'False', 'BusinessAcceptsCreditCards': 'True', 'Alcohol': ""u'full_bar'"", 'OutdoorSeating': 'True', 'RestaurantsDelivery': 'False', 'RestaurantsGoodForGroups': 'True', 'BikeParking': 'True', 'HasTV': 'True', 'Caters': 'False', 'WiFi': ""'free'"", 'NoiseLevel': ""u'average'"", 'BestNights': ""{'monday': False, 'tuesday': False, 'friday': True, 'wednesday': True, 'thursday': False, 'sunday': False, 'saturday': True}"", 'BYOB': 'False', 'BusinessParking': ""{'garage': False, 'street': True, 'validated': False, 'lot': False, 'valet': False}"", 'Music': ""{'dj': False, 'background_music': False, 'no_music': False, 'jukebox': True, 'live': False, 'video': False, 'karaoke': False}"", 'CoatCheck': 'False', 'Ambience': ""{'touristy': False, 'hipster': None, 'romantic': False, 'divey': None, 'intimate': None, 'trendy': False, 'upscale': False, 'classy': True, 'casual': True}"", 'Corkage': 'False', 'RestaurantsTableService': 'True', 'Smoking': ""u'no'""}","Pubs, Beer, Wine & Spirits, Food, Nightlife, Bars, Restaurants, Beer Bar, American (Traditional), Sports Bars","{'Monday': '12:0-2:0', 'Tuesday': '12:0-2:0', 'Wednesday': '12:0-2:0', 'Thursday': '12:0-2:0', 'Friday': '12:0-2:0', 'Saturday': '12:0-2:0', 'Sunday': '12:0-2:0'}",Restaurants
vwAhm3pRjCEz_jNXr9vMaA,Matt & Marie's,"100 N 18th St, Ste 120",Philadelphia,PA,19103,39.9558026,-75.1694544,4.0,201,1,"{'OutdoorSeating': 'False', 'BusinessParking': ""{'garage': False, 'street': True, 'validated': False, 'lot': False, 'valet': False}"", 'RestaurantsPriceRange2': '1', 'RestaurantsTakeOut': 'True', 'BikeParking': 'True', 'RestaurantsDelivery': 'True', 'Alcohol': ""u'none'"", 'RestaurantsAttire': ""'casual'"", 'BusinessAcceptsCreditCards': 'True', 'Caters': 'True', 'RestaurantsReservations': 'False', 'RestaurantsGoodForGroups': 'True', 'NoiseLevel': ""u'average'"", 'HasTV': 'False', 'GoodForKids': 'True', 'WiFi': ""'free'"", 'BusinessAcceptsBitcoin': 'False', 'GoodForMeal': ""{'dessert': False, 'latenight': False, 'lunch': True, 'dinner': False, 'brunch': False, 'breakfast': False}"", 'ByAppointmentOnly': 'False', 'Ambience': ""{'touristy': False, 'hipster': False, 'romantic': False, 'divey': False, 'intimate': False, 'trendy': False, 'upscale': False, 'classy': True, 'casual': True}""}","Delis, Italian, Sandwiches, Restaurants","{'Monday': '0:0-0:0', 'Tuesday': '10:0-14:0', 'Wednesday': '10:0-14:0', 'Thursday': '10:0-14:0', 'Friday': '10:0-14:0'}",Restaurants
aurl4I40YVQfQ8loOdgKCg,Crown Fried Chicken,933 N Broad St,Philadelphia,PA,19123,39.971145,-75.15902,3.5,11,1,"{'BusinessAcceptsCreditCards': 'True', 'Alcohol': ""u'none'"", 'RestaurantsPriceRange2': '1', 'RestaurantsReservations': 'False', 'NoiseLevel': ""u'average'"", 'RestaurantsTakeOut': 'True', 'BikeParking': 'False', 'RestaurantsAttire': ""u'casual'"", 'GoodForKids': 'True', 'Ambience': ""{'touristy': False, 'hipster': False, 'romantic': False, 'divey': False, 'intimate': False, 'trendy': False, 'upscale': False, 'classy': True, 'casual': False}"", 'OutdoorSeating': 'False', 'RestaurantsGoodForGroups': 'True', 'HasTV': 'True', 'RestaurantsDelivery': 'True'}","Chicken Wings, Restaurants, Fast Food","{'Monday': '10:0-3:0', 'Tuesday': '10:0-3:0', 'Wednesday': '10:0-3:0', 'Thursday': '10:0-3:0', 'Friday': '10:0-3:0', 'Saturday': '10:0-4:0', 'Sunday': '10:0-4:0'}",Restaurants
CMVw6Q4k-k5-ZOhA03AShw,Cafe Old Nelson,1435 Arch St,Philadelphia,PA,19102,39.9547834,-75.1646992,3.5,32,1,"{'GoodForKids': 'False', 'RestaurantsGoodForGroups': 'False', 'BusinessParking': ""{'garage': False, 'street': True, 'validated': False, 'lot': False, 'valet': False}"", 'RestaurantsAttire': ""'casual'"", 'RestaurantsPriceRange2': '1', 'BusinessAcceptsCreditCards': 'True', 'RestaurantsReservations': 'False', 'RestaurantsTakeOut': 'True', 'Ambience': ""{'touristy': False, 'hipster': False, 'romantic': False, 'divey': False, 'intimate': False, 'trendy': False, 'upscale': False, 'classy': False, 'casual': False}"", 'OutdoorSeating': 'False', 'WiFi': ""'no'"", 'BikeParking': 'True', 'GoodForMeal': ""{'dessert': False, 'latenight': False, 'lunch': False, 'dinner': False, 'brunch': False, 'breakfast': False}"", 'HasTV': 'True', 'RestaurantsDelivery': 'True'}","Delis, Food, Restaurants","{'Monday': '7:0-19:0', 'Tuesday': '7:0-19:0', 'Wednesday': '7:0-19:0', 'Thursday': '7:0-19:0', 'Friday': '7:0-19:0', 'Saturday': '8:0-16:0'}",Restaurants
YcjTnHvyt_oMkfk5FAg8nQ,Alessandros Pizza & Grill,655 N Broad St,Philadelphia,PA,19123,39.965232,-75.160402,3.5,26,0,"{'RestaurantsAttire': ""u'casual'"", 'BusinessParking': ""{'garage': False, 'street': True, 'validated': False, 'lot': False, 'valet': False}"", 'WiFi': ""u'free'"", 'RestaurantsGoodForGroups': 'True', 'NoiseLevel': ""u'quiet'"", 'BusinessAcceptsCreditCards': 'True', 'Alcohol': ""u'full_bar'"", 'RestaurantsDelivery': 'True', 'Ambience': ""{'romantic': False, 'intimate': False, 'touristy': False, 'hipster': False, 'divey': False, 'classy': False, 'trendy': False, 'upscale': False, 'casual': False}"", 'RestaurantsReservations': 'False', 'RestaurantsPriceRange2': '2', 'OutdoorSeating': 'False', 'RestaurantsTakeOut': 'True', 'GoodForKids': 'True', 'HasTV': 'True', 'Caters': 'True'}","Pizza, Restaurants, Italian","{'Monday': '7:0-23:0', 'Tuesday': '7:0-23:0', 'Wednesday': '7:0-23:0', 'Thursday': '7:0-23:0', 'Friday': '7:0-1:0', 'Saturday': '8:30-1:0', 'Sunday': '8:30-23:0'}",Restaurants
HW5LkI9qeqVDwHqhd00_8A,The Happy Rooster,118 S 16th St,Philadelphia,PA,19102,39.9504391,-75.1675545,3.5,251,1,"{'RestaurantsAttire': ""'casual'"", 'RestaurantsDelivery': 'False', 'BikeParking': 'True', 'WiFi': ""u'no'"", 'RestaurantsReservations': 'True', 'RestaurantsPriceRange2': '2', 'BYOBCorkage': ""'no'"", 'BusinessAcceptsCreditCards': 'True', 'Alcohol': ""u'full_bar'"", 'Caters': 'False', 'OutdoorSeating': 'True', 'RestaurantsTakeOut': 'False', 'GoodForKids': 'False', 'RestaurantsGoodForGroups': 'False', 'GoodForMeal': ""{'dessert': False, 'latenight': True, 'lunch': False, 'dinner': True, 'brunch': False, 'breakfast': False}"", 'HasTV': 'True', 'Music': ""{'dj': False, 'background_music': False, 'no_music': False, 'jukebox': False, 'live': False, 'video': False, 'karaoke': False}"", 'NoiseLevel': ""u'average'"", 'Ambience': ""{'touristy': False, 'hipster': False, 'romantic': False, 'divey': False, 'intimate': False, 'trendy': False, 'upscale': False, 'classy': True, 'casual': False}"", 'BestNights': ""{'monday': False, 'tuesday': False, 'friday': True, 'wednesday': False, 'thursday': True, 'sunday': False, 'saturday': True}"", 'BusinessParking': ""{'garage': False, 'street': True, 'validated': True, 'lot': False, 'valet': False}""}","Bars, Nightlife, American (New), Pubs, Restaurants","{'Monday': '11:30-2:0', 'Tuesday': '11:30-2:0', 'Wednesday': '11:30-2:0', 'Thursday': '11:30-2:0', 'Friday': '11:30-2:0', 'Saturday': '11:30-2:0', 'Sunday': '11:30-2:0'}",Restaurants
4wtXL_av84qwCpOTBTjsyg,Chick-fil-A,1100 Market St,Philadelphia,PA,19107,39.9515,-75.15887,2.0,9,0,"{'BusinessParking': ""{'garage': False, 'street': False, 'validated': False, 'lot': False, 'valet': False}"", 'DriveThru': 'True', 'RestaurantsDelivery': 'True', 'RestaurantsTakeOut': 'True', 'Caters': 'True'}","Caterers, Event Planning & Services, Restaurants, Fast Food","{'Monday': '7:0-20:0', 'Tuesday': '7:0-20:0', 'Wednesday': '7:0-20:0', 'Thursday': '7:0-20:0', 'Friday': '7:0-20:0', 'Saturday': '8:0-20:0'}",Restaurants
kOVYDwD9LbgBKwBkztDcag,Messina Club,1533 S 10th St,Philadelphia,PA,19147,39.9297638,-75.1614432,4.5,14,1,"{'BusinessAcceptsCreditCards': 'False', 'Music': ""{'dj': False, 'background_music': False, 'no_music': False, 'jukebox': False, 'live': False, 'video': False, 'karaoke': False}"", 'BusinessParking': ""{u'valet': False, u'garage': False, u'street': None, u'lot': False, u'validated': False}"", 'RestaurantsTakeOut': 'True', 'HasTV': 'True', 'RestaurantsDelivery': 'True', 'GoodForKids': 'True', 'Ambience': ""{'touristy': False, 'hipster': False, 'romantic': False, 'divey': False, 'intimate': False, 'trendy': False, 'upscale': False, 'classy': False, 'casual': False}""}","Active Life, Sports Clubs, Social Clubs, Restaurants, Italian, Nightlife, American (Traditional), Cocktail Bars, Arts & Entertainment, Bars","{'Thursday': '18:0-0:0', 'Friday': '18:0-3:0', 'Saturday': '18:0-3:0'}",Restaurants
y4VFp6qk_EFgNy9yKFlj3Q,Moustaki Authentic Gyros,161 N 21st St,Philadelphia,PA,19103,39.957553,-75.17403,4.0,147,1,"{'WheelchairAccessible': 'True', 'RestaurantsGoodForGroups': 'True', 'RestaurantsTakeOut': 'True', 'RestaurantsPriceRange2': '2', 'Alcohol': ""u'none'"", 'NoiseLevel': ""u'average'"", 'WiFi': ""u'free'"", 'BikeParking': 'True', 'Caters': 'True', 'HasTV': 'False', 'BusinessAcceptsCreditCards': 'True', 'RestaurantsAttire': ""u'casual'"", 'BusinessParking': ""{'garage': False, 'street': True, 'validated': False, 'lot': False, 'valet': False}"", 'RestaurantsReservations': 'False', 'RestaurantsDelivery': 'True', 'GoodForKids': 'True', 'OutdoorSeating': 'None', 'Ambience': ""{'touristy': None, 'hipster': None, 'romantic': False, 'divey': None, 'intimate': False, 'trendy': None, 'upscale': False, 'classy': None, 'casual': True}"", 'RestaurantsTableService': 'False', 'GoodForMeal': ""{'dessert': False, 'latenight': False, 'lunch': True, 'dinner': True, 'brunch': False, 'breakfast': False}""}","Pizza, Mediterranean, Sandwiches, Breakfast & Brunch, Restaurants, Greek","{'Monday': '11:0-22:0', 'Tuesday': '11:0-22:0', 'Wednesday': '11:0-22:0', 'Thursday': '11:0-22:0', 'Friday': '11:0-23:0', 'Saturday': '11:0-23:0', 'Sunday': '11:0-22:0'}",Restaurants
hh6t95hiS-RqRt6bEz1SPw,Union League of Philadelphia,140 S Broad St,Philadelphia,PA,19102,39.949988,-75.1645963,4.0,72,1,"{'RestaurantsDelivery': 'False', 'BusinessAcceptsCreditCards': 'True', 'OutdoorSeating': 'False', 'RestaurantsPriceRange2': '4', 'RestaurantsReservations': 'True', 'Alcohol': ""u'full_bar'"", 'RestaurantsAttire': ""'formal'"", 'RestaurantsGoodForGroups': 'True', 'Caters': 'True', 'HasTV': 'True', 'GoodForKids': 'False', 'Ambience': ""{'touristy': False, 'hipster': False, 'romantic': False, 'divey': False, 'intimate': False, 'trendy': False, 'upscale': True, 'classy': True, 'casual': False}"", 'BusinessParking': ""{'garage': True, 'street': False, 'validated': False, 'lot': False, 'valet': True}"", 'RestaurantsTakeOut': 'False', 'NoiseLevel': ""'quiet'"", 'BikeParking': 'False', 'WiFi': ""u'free'"", 'WheelchairAccessible': 'True', 'GoodForMeal': ""{'dessert': None, 'latenight': False, 'lunch': True, 'dinner': True, 'brunch': None, 'breakfast': None}"", 'HappyHour': 'True', 'DogsAllowed': 'False', 'RestaurantsTableService': 'True'}","Hotels & Travel, Restaurants, Arts & Entertainment, American (Traditional), Hotels, American (New), Venues & Event Spaces, Social Clubs, Event Planning & Services","{'Monday': '0:0-0:0', 'Tuesday': '0:0-0:0', 'Wednesday': '0:0-0:0', 'Thursday': '0:0-0:0', 'Friday': '0:0-0:0', 'Saturday': '0:0-0:0', 'Sunday': '0:0-0:0'}",Restaurants
NJe5fkia_63rdKXRdJlmkA,Chatayee Thai,1227 Walnut St,Philadelphia,PA,19107,39.9491987,-75.1618495,4.5,222,1,"{'WheelchairAccessible': 'True', 'Alcohol': ""u'full_bar'"", 'HasTV': 'False', 'HappyHour': 'True', 'RestaurantsTakeOut': 'True', 'BusinessAcceptsCreditCards': 'True', 'RestaurantsGoodForGroups': 'True', 'BikeParking': 'True', 'RestaurantsDelivery': 'True', 'NoiseLevel': ""u'average'"", 'RestaurantsTableService': 'True', 'Caters': 'False', 'DogsAllowed': 'False', 'RestaurantsReservations': 'True', 'Ambience': ""{'touristy': False, 'hipster': False, 'romantic': False, 'divey': False, 'intimate': False, 'trendy': False, 'upscale': False, 'classy': True, 'casual': False}"", 'BusinessParking': ""{'garage': True, 'street': True, 'validated': False, 'lot': False, 'valet': False}"", 'BYOB': 'False', 'WiFi': ""u'free'"", 'RestaurantsPriceRange2': '2', 'OutdoorSeating': 'True', 'GoodForMeal': ""{u'breakfast': None, u'brunch': None, u'lunch': None, u'dinner': True, u'latenight': None, u'dessert': None}""}","Restaurants, Thai, Vegetarian, Vegan","{'Monday': '0:0-0:0', 'Wednesday': '15:0-22:0', 'Thursday': '15:0-22:0', 'Friday': '15:0-23:0', 'Saturday': '15:0-23:0', 'Sunday': '15:0-22:0'}",Restaurants
9sHmUsOCCkjgv5PvlsszXQ,Orewa Deli,1615 John F Kennedy Blvd,Philadelphia,PA,19103,39.9539466,-75.1676206,3.5,19,0,"{'BusinessAcceptsCreditCards': 'True', 'RestaurantsAttire': ""u'casual'"", 'Alcohol': ""u'none'"", 'RestaurantsDelivery': 'False', 'RestaurantsReservations': 'False', 'RestaurantsTakeOut': 'True', 'BusinessParking': ""{'garage': False, 'street': False, 'validated': False, 'lot': False, 'valet': False}"", 'RestaurantsPriceRange2': '1', 'Ambience': ""{'romantic': False, 'intimate': False, 'touristy': False, 'hipster': False, 'divey': False, 'classy': False, 'trendy': False, 'upscale': False, 'casual': False}"", 'HasTV': 'False', 'OutdoorSeating': 'False', 'NoiseLevel': ""u'loud'"", 'GoodForKids': 'True', 'BikeParking': 'False', 'RestaurantsGoodForGroups': 'True', 'WiFi': ""'no'""}","Sandwiches, Restaurants, Delis",,Restaurants
vKewfGh-UuMpDbZTbz1KeA,Spice End: South Street,650 South St,Philadelphia,PA,19147,39.9420298751,-75.153786689,4.0,26,0,"{'Ambience': ""{'touristy': False, 'hipster': False, 'romantic': False, 'divey': False, 'intimate': False, 'trendy': False, 'upscale': False, 'classy': False, 'casual': True}"", 'BusinessAcceptsCreditCards': 'True', 'BikeParking': 'True', 'DogsAllowed': 'False', 'WiFi': ""u'free'"", 'NoiseLevel': ""u'average'"", 'GoodForMeal': ""{'dessert': False, 'latenight': False, 'lunch': True, 'dinner': True, 'brunch': False, 'breakfast': False}"", 'RestaurantsDelivery': 'True', 'Caters': 'True', 'BusinessParking': ""{'garage': False, 'street': True, 'validated': False, 'lot': False, 'valet': False}"", 'OutdoorSeating': 'False', 'RestaurantsGoodForGroups': 'True', 'BusinessAcceptsBitcoin': 'False', 'RestaurantsTableService': 'False', 'RestaurantsTakeOut': 'True', 'HasTV': 'True', 'RestaurantsReservations': 'False', 'WheelchairAccessible': 'True', 'RestaurantsAttire': ""u'casual'"", 'Alcohol': ""u'none'"", 'RestaurantsPriceRange2': '1', 'DriveThru': 'False', 'GoodForKids': 'True'}","Vegetarian, Indian, Restaurants, Pakistani, Fast Food, Halal","{'Tuesday': '11:30-23:0', 'Wednesday': '11:30-23:0', 'Thursday': '11:30-23:0', 'Friday': '11:30-0:0', 'Saturday': '12:0-0:0', 'Sunday': '12:0-23:0'}",Restaurants
ubeDltaADmtgyxkrObkOfw,Meju,213 Chestnut St,Philadelphia,PA,19103,39.9485503,-75.144734,3.0,18,0,"{'RestaurantsDelivery': 'False', 'Alcohol': ""u'none'"", 'Corkage': 'False', 'RestaurantsTakeOut': 'True', 'BusinessParking': ""{'garage': False, 'street': True, 'validated': False, 'lot': False, 'valet': False}"", 'RestaurantsAttire': ""'casual'"", 'RestaurantsGoodForGroups': 'True', 'OutdoorSeating': 'False', 'RestaurantsReservations': 'True', 'BusinessAcceptsCreditCards': 'True', 'BYOBCorkage': ""'yes_free'"", 'GoodForKids': 'True', 'RestaurantsPriceRange2': '2'}","Korean, Restaurants",,Restaurants
YcbICqp_TlaxNx7gIkRSzw,Hickory Lane American Bistro,2025 Fairmount Ave,Philadelphia,PA,19130,39.967476,-75.171166,3.5,287,0,"{'OutdoorSeating': 'True', 'WiFi': ""u'free'"", 'RestaurantsTakeOut': 'True', 'RestaurantsPriceRange2': '2', 'Caters': 'True', 'BusinessAcceptsCreditCards': 'True', 'HasTV': 'False', 'Alcohol': ""u'full_bar'"", 'RestaurantsReservations': 'True', 'NoiseLevel': ""u'average'"", 'RestaurantsDelivery': 'False', 'BikeParking': 'True', 'BusinessParking': ""{'garage': False, 'street': True, 'validated': False, 'lot': False, 'valet': False}"", 'RestaurantsGoodForGroups': 'True', 'GoodForKids': 'False', 'RestaurantsAttire': ""u'casual'"", 'BusinessAcceptsBitcoin': 'False', 'GoodForMeal': ""{'dessert': False, 'latenight': False, 'lunch': False, 'dinner': True, 'brunch': True, 'breakfast': False}"", 'HappyHour': 'True', 'Ambience': ""{'touristy': False, 'hipster': False, 'romantic': False, 'divey': False, 'intimate': False, 'trendy': False, 'upscale': False, 'classy': True, 'casual': True}""}","Diners, American (New), French, Restaurants, Breakfast & Brunch","{'Monday': '16:30-21:0', 'Tuesday': '16:30-21:0', 'Wednesday': '16:30-22:0', 'Thursday': '16:30-22:0', 'Friday': '16:30-22:0', 'Saturday': '16:30-22:0', 'Sunday': '16:30-21:0'}",Restaurants
hxc6TmLzsENk4xsjm497qg,Porto,1301 S 11th St,Philadelphia,PA,19147,39.9333793056,-75.1622158866,4.5,238,0,"{'RestaurantsGoodForGroups': 'False', 'RestaurantsAttire': ""u'casual'"", 'WiFi': ""'no'"", 'BikeParking': 'True', 'BusinessAcceptsCreditCards': 'True', 'NoiseLevel': ""u'average'"", 'RestaurantsPriceRange2': '2', 'HasTV': 'True', 'OutdoorSeating': 'True', 'GoodForKids': 'True', 'RestaurantsReservations': 'False', 'GoodForMeal': ""{'dessert': False, 'latenight': False, 'lunch': False, 'dinner': False, 'brunch': True, 'breakfast': False}"", 'RestaurantsDelivery': 'False', 'Ambience': ""{'romantic': False, 'intimate': False, 'classy': False, 'hipster': False, 'divey': False, 'touristy': False, 'trendy': False, 'upscale': False, 'casual': True}"", 'BusinessParking': ""{'garage': False, 'street': True, 'validated': False, 'lot': False, 'valet': False}"", 'Caters': 'False', 'Alcohol': ""u'none'"", 'RestaurantsTakeOut': 'True'}","Breakfast & Brunch, Portuguese, Restaurants, Food, Coffee & Tea","{'Tuesday': '7:30-16:0', 'Wednesday': '7:30-16:0', 'Thursday': '7:30-16:0', 'Friday': '7:30-16:0', 'Saturday': '9:0-16:0', 'Sunday': '9:0-16:0'}",Restaurants
IbJqpgbMZGPcFDR0DNiaeQ,Umai Royal,727 Walnut St,Philadelphia,PA,19106,39.9483732998,-75.1537483,3.5,46,0,"{'RestaurantsTakeOut': 'True', 'RestaurantsAttire': ""u'casual'"", 'BusinessParking': ""{'garage': False, 'street': True, 'validated': True, 'lot': False, 'valet': False}"", 'Alcohol': ""u'full_bar'"", 'OutdoorSeating': 'False', 'Caters': 'True', 'RestaurantsReservations': 'True', 'GoodForKids': 'True', 'Ambience': ""{'romantic': False, 'intimate': True, 'classy': False, 'hipster': False, 'divey': False, 'touristy': False, 'trendy': False, 'upscale': False, 'casual': False}"", 'RestaurantsDelivery': 'True', 'NoiseLevel': ""u'quiet'"", 'BikeParking': 'True', 'RestaurantsPriceRange2': '2', 'HasTV': 'True', 'RestaurantsGoodForGroups': 'True', 'WiFi': ""u'free'"", 'BusinessAcceptsCreditCards': 'True'}","Bars, Asian Fusion, Food, Sushi Bars, Chinese, Japanese, Restaurants, Szechuan, Thai, Nightlife, Specialty Food","{'Monday': '11:0-22:0', 'Tuesday': '11:0-22:0', 'Wednesday': '11:0-22:0', 'Thursday': '11:0-22:0', 'Friday': '11:0-23:0', 'Saturday': '12:0-23:0'}",Restaurants
dMOv-lIQ9-2TGOfuAyzgOg,Little Sicily Pizza,1433 W Passyunk Ave,Philadelphia,PA,19145,39.9254545,-75.1708405,3.0,41,1,"{'RestaurantsGoodForGroups': 'False', 'Alcohol': ""u'none'"", 'RestaurantsDelivery': 'True', 'RestaurantsReservations': 'False', 'GoodForKids': 'False', 'RestaurantsAttire': ""'casual'"", 'RestaurantsTakeOut': 'True', 'BusinessAcceptsCreditCards': 'True', 'RestaurantsPriceRange2': '2', 'HasTV': 'True', 'BusinessParking': ""{'garage': False, 'street': False, 'validated': False, 'lot': False, 'valet': False}"", 'Ambience': ""{'touristy': False, 'hipster': False, 'romantic': False, 'divey': False, 'intimate': False, 'trendy': False, 'upscale': False, 'classy': False, 'casual': False}"", 'OutdoorSeating': 'True'}","Italian, Restaurants, Pizza",,Restaurants
cqzAz9oBzPNvJccZ2MNmbA,Kidari Sushi Yatai,1824 South St,Philadelphia,PA,19146,39.944303,-75.172771,4.0,58,0,"{'Ambience': ""{'romantic': False, 'intimate': False, 'classy': False, 'hipster': False, 'divey': False, 'touristy': False, 'trendy': False, 'upscale': False, 'casual': True}"", 'BusinessParking': ""{'garage': False, 'street': True, 'validated': False, 'lot': False, 'valet': False}"", 'WiFi': ""u'no'"", 'BikeParking': 'True', 'RestaurantsTakeOut': 'True', 'Alcohol': ""u'none'"", 'RestaurantsDelivery': 'True', 'Caters': 'True', 'RestaurantsGoodForGroups': 'True', 'RestaurantsAttire': ""u'casual'"", 'HasTV': 'False', 'GoodForKids': 'True', 'RestaurantsReservations': 'True', 'BusinessAcceptsCreditCards': 'False', 'OutdoorSeating': 'False', 'HappyHour': 'True', 'RestaurantsPriceRange2': '2', 'NoiseLevel': ""u'average'""}","Restaurants, Japanese","{'Monday': '17:0-22:0', 'Tuesday': '17:0-22:0', 'Wednesday': '17:0-22:0', 'Thursday': '17:0-22:0', 'Friday': '17:0-22:0', 'Saturday': '17:0-22:0'}",Restaurants
x4855nj7vfdXeVpg5fREZA,1100 Social,1100 Pattison Ave,Philadelphia,PA,19148,39.9041687186,-75.1691288928,3.0,42,1,"{'GoodForKids': 'False', 'Music': ""{'dj': None, 'background_music': False, 'no_music': False, 'jukebox': None, 'live': False, 'video': False, 'karaoke': None}"", 'HappyHour': 'True', 'NoiseLevel': ""u'average'"", 'BusinessAcceptsCreditCards': 'True', 'RestaurantsDelivery': 'False', 'HasTV': 'True', 'RestaurantsPriceRange2': '2', 'Ambience': ""{'touristy': False, 'hipster': False, 'romantic': False, 'divey': False, 'intimate': False, 'trendy': True, 'upscale': False, 'classy': True, 'casual': False}"", 'GoodForDancing': 'False', 'GoodForMeal': ""{'dessert': False, 'latenight': True, 'lunch': False, 'dinner': True, 'brunch': False, 'breakfast': False}"", 'RestaurantsReservations': 'True', 'BikeParking': 'True', 'WiFi': ""u'no'"", 'RestaurantsAttire': ""'casual'"", 'RestaurantsGoodForGroups': 'True', 'RestaurantsTableService': 'True', 'BusinessParking': ""{'garage': False, 'street': None, 'validated': False, 'lot': None, 'valet': False}"", 'BestNights': ""{'monday': False, 'tuesday': False, 'friday': False, 'wednesday': False, 'thursday': False, 'sunday': True, 'saturday': True}"", 'OutdoorSeating': 'True', 'RestaurantsTakeOut': 'True', 'Smoking': ""u'no'"", 'Alcohol': ""u'full_bar'""}","Bars, Nightlife, Restaurants, American (New)","{'Monday': '16:0-22:0', 'Tuesday': '16:0-22:0', 'Wednesday': '16:0-22:0', 'Thursday': '16:0-22:0', 'Friday': '16:0-0:0', 'Saturday': '16:0-0:0'}",Restaurants
6lJLT9H7FjXioU5yCu-x2A,Wok Street,1518 Chestnut St,Philadelphia,PA,19102,39.9510652877,-75.1664147946,4.0,27,0,"{'RestaurantsTableService': 'False', 'Alcohol': ""u'none'"", 'HasTV': 'False', 'RestaurantsTakeOut': 'True', 'GoodForMeal': ""{'dessert': False, 'latenight': False, 'lunch': True, 'dinner': False, 'brunch': False, 'breakfast': False}"", 'RestaurantsAttire': ""u'casual'"", 'Caters': 'True', 'Ambience': ""{'romantic': False, 'intimate': False, 'classy': False, 'hipster': False, 'divey': False, 'touristy': False, 'trendy': False, 'upscale': False, 'casual': True}"", 'RestaurantsDelivery': 'True', 'BikeParking': 'True', 'BusinessParking': ""{'garage': False, 'street': False, 'validated': False, 'lot': False, 'valet': False}"", 'BusinessAcceptsCreditCards': 'True', 'NoiseLevel': ""u'average'"", 'WiFi': ""'free'"", 'GoodForKids': 'True', 'OutdoorSeating': 'False', 'RestaurantsReservations': 'False', 'RestaurantsPriceRange2': '1', 'RestaurantsGoodForGroups': 'True'}","Asian Fusion, Food, Chinese, Fast Food, Beer, Wine & Spirits, Restaurants","{'Monday': '11:0-21:0', 'Tuesday': '11:0-21:0', 'Wednesday': '11:0-21:0', 'Thursday': '11:0-21:0', 'Friday': '11:0-21:0', 'Saturday': '11:0-21:0', 'Sunday': '11:0-21:0'}",Restaurants
LUL2M-R107_ovqrLqg7d6w,Coos Sports Bar,822 N Broad St,Philadelphia,PA,19130,39.9687861,-75.1604323,3.5,7,0,"{'Alcohol': ""u'full_bar'"", 'RestaurantsPriceRange2': '1', 'BusinessParking': ""{'garage': False, 'street': True, 'validated': False, 'lot': False, 'valet': False}"", 'BusinessAcceptsCreditCards': 'True', 'RestaurantsGoodForGroups': 'True', 'OutdoorSeating': 'False', 'RestaurantsTakeOut': 'True', 'Caters': 'True', 'RestaurantsReservations': 'True', 'NoiseLevel': ""u'loud'""}","American (New), Bars, Nightlife, Sports Bars, Restaurants","{'Monday': '16:0-2:0', 'Tuesday': '16:0-2:0', 'Wednesday': '16:0-2:0', 'Thursday': '16:0-2:0', 'Friday': '11:0-2:0', 'Saturday': '11:0-2:0', 'Sunday': '11:0-2:0'}",Restaurants
lOdf3USy1JvVP-1mWjhDSQ,Village Belle,757 S Front St,Philadelphia,PA,19147,39.938329,-75.144405,4.0,68,0,"{'RestaurantsTakeOut': 'True', 'RestaurantsGoodForGroups': 'True', 'RestaurantsAttire': ""u'casual'"", 'Caters': 'True', 'RestaurantsDelivery': 'False', 'Alcohol': ""u'full_bar'"", 'NoiseLevel': ""u'average'"", 'OutdoorSeating': 'True', 'RestaurantsReservations': 'True', 'WiFi': ""u'no'"", 'RestaurantsPriceRange2': '3', 'GoodForKids': 'True', 'HasTV': 'True', 'BusinessAcceptsCreditCards': 'True', 'Ambience': ""{'romantic': True, 'intimate': False, 'touristy': False, 'hipster': False, 'divey': False, 'classy': True, 'trendy': False, 'upscale': False, 'casual': True}"", 'BusinessParking': ""{'garage': False, 'street': True, 'validated': False, 'lot': False, 'valet': False}"", 'HappyHour': 'True'}","Mediterranean, Italian, Restaurants","{'Tuesday': '17:0-22:0', 'Wednesday': '17:0-22:0', 'Thursday': '17:0-22:0', 'Friday': '17:0-23:0', 'Saturday': '12:0-23:0', 'Sunday': '10:30-15:0'}",Restaurants
yPOVNQu0iU6BR8RPIfIE3Q,Crêpe Town,1500 Spring Garden St,Philadelphia,PA,19130,39.9623509,-75.1637363,3.0,11,0,"{'RestaurantsReservations': 'False', 'OutdoorSeating': 'False', 'HasTV': 'False', 'RestaurantsPriceRange2': '1', 'NoiseLevel': ""u'average'"", 'WiFi': ""u'free'"", 'Caters': 'False', 'RestaurantsTakeOut': 'True', 'RestaurantsGoodForGroups': 'True', 'GoodForKids': 'True', 'BusinessAcceptsCreditCards': 'True', 'RestaurantsAttire': ""u'casual'"", 'Alcohol': ""u'none'"", 'Ambience': ""{'romantic': False, 'intimate': False, 'touristy': False, 'hipster': False, 'divey': False, 'classy': False, 'trendy': False, 'upscale': False, 'casual': True}"", 'BusinessParking': ""{'garage': False, 'street': True, 'validated': False, 'lot': False, 'valet': False}"", 'RestaurantsDelivery': 'False'}","Restaurants, Creperies","{'Monday': '8:0-19:0', 'Tuesday': '8:0-19:0', 'Wednesday': '8:0-19:0', 'Thursday': '8:0-19:0', 'Friday': '8:0-19:0', 'Saturday': '10:0-17:0'}",Restaurants
sEf8VsIbhGwSnKte1IBm-Q,Café Estelle,444 N 4th St,Philadelphia,PA,19123,39.9591384,-75.145391,4.0,205,0,"{'Ambience': ""{'romantic': False, 'intimate': False, 'touristy': False, 'hipster': False, 'divey': False, 'classy': False, 'trendy': False, 'upscale': False, 'casual': True}"", 'RestaurantsAttire': ""'casual'"", 'BYOBCorkage': ""'yes_free'"", 'RestaurantsDelivery': 'False', 'Corkage': 'False', 'BusinessParking': ""{'garage': False, 'street': True, 'validated': False, 'lot': True, 'valet': False}"", 'NoiseLevel': ""u'average'"", 'BusinessAcceptsCreditCards': 'True', 'HasTV': 'False', 'RestaurantsTakeOut': 'True', 'Alcohol': ""'none'"", 'OutdoorSeating': 'False', 'RestaurantsPriceRange2': '2', 'RestaurantsGoodForGroups': 'True', 'RestaurantsReservations': 'False', 'WiFi': ""u'free'"", 'GoodForKids': 'True', 'Caters': 'False'}","American (New), Breakfast & Brunch, Sandwiches, Restaurants","{'Tuesday': '7:0-16:0', 'Wednesday': '7:0-16:0', 'Thursday': '7:0-16:0', 'Friday': '7:0-16:0', 'Saturday': '9:0-16:0', 'Sunday': '9:0-16:0'}",Restaurants
gkrDiCU_sRZKwuBlhEzv6A,Shiroi Hana,222 S 15th St,Philadelphia,PA,19102,39.9488295,-75.1663147,4.0,217,1,"{'BusinessAcceptsCreditCards': 'True', 'RestaurantsTakeOut': 'True', 'RestaurantsDelivery': 'True', 'HasTV': 'False', 'NoiseLevel': ""u'quiet'"", 'GoodForKids': 'False', 'Alcohol': ""'full_bar'"", 'RestaurantsGoodForGroups': 'True', 'WiFi': ""u'no'"", 'Corkage': 'False', 'OutdoorSeating': 'False', 'RestaurantsAttire': ""'casual'"", 'BusinessParking': ""{'garage': False, 'street': True, 'validated': False, 'lot': False, 'valet': False}"", 'BYOBCorkage': ""'yes_free'"", 'RestaurantsReservations': 'True', 'RestaurantsPriceRange2': '2', 'BikeParking': 'True', 'GoodForMeal': ""{'dessert': False, 'latenight': False, 'lunch': False, 'dinner': True, 'brunch': False, 'breakfast': False}"", 'RestaurantsTableService': 'True', 'Caters': 'True', 'Ambience': ""{'touristy': False, 'hipster': False, 'romantic': False, 'divey': False, 'intimate': False, 'trendy': False, 'upscale': False, 'classy': True, 'casual': False}""}","Japanese, Restaurants, Sushi Bars","{'Monday': '0:0-0:0', 'Tuesday': '17:0-22:0', 'Wednesday': '16:0-20:30', 'Thursday': '16:0-20:30', 'Friday': '17:0-22:30', 'Saturday': '16:0-21:0', 'Sunday': '16:0-20:30'}",Restaurants
Qw7tz-UkPrpXaVidWuab4Q,Philadelphia Museum of Art,2600 Benjamin Franklin Pkwy,Philadelphia,PA,19130,39.965573,-75.180969,4.5,767,1,"{'BikeParking': 'True', 'BusinessAcceptsCreditCards': 'True', 'RestaurantsPriceRange2': '2', 'GoodForKids': 'True', 'ByAppointmentOnly': 'False', 'BusinessParking': ""{'garage': True, 'street': True, 'validated': True, 'lot': False, 'valet': False}"", 'DogsAllowed': 'False', 'RestaurantsDelivery': 'False', 'WiFi': ""u'free'"", 'RestaurantsAttire': ""u'casual'""}","Art Museums, Jazz & Blues, Arts & Crafts, American (New), Shopping, Museums, Nightlife, Art Galleries, Restaurants, Arts & Entertainment","{'Monday': '0:0-0:0', 'Tuesday': '10:0-17:0', 'Wednesday': '10:0-17:0', 'Thursday': '10:0-17:0', 'Friday': '10:0-15:0', 'Saturday': '10:0-17:0', 'Sunday': '10:0-17:0'}",Restaurants
80CuLvezLk7SkkzWbcv1Dg,C19 Cichetteria Venezia,267 S 19th St,Philadelphia,PA,19103,39.9482333,-75.1726372,3.5,116,0,"{'GoodForKids': 'False', 'RestaurantsTakeOut': 'True', 'Ambience': ""{'romantic': False, 'intimate': True, 'touristy': False, 'hipster': False, 'divey': False, 'classy': False, 'trendy': False, 'upscale': False, 'casual': True}"", 'RestaurantsReservations': 'True', 'WiFi': ""u'no'"", 'RestaurantsDelivery': 'False', 'BusinessAcceptsCreditCards': 'True', 'Alcohol': ""u'full_bar'"", 'RestaurantsPriceRange2': '2', 'HasTV': 'True', 'RestaurantsAttire': ""u'casual'"", 'RestaurantsGoodForGroups': 'True', 'Caters': 'False', 'OutdoorSeating': 'True', 'BusinessParking': ""{'garage': False, 'street': True, 'validated': False, 'lot': False, 'valet': False}"", 'NoiseLevel': ""u'average'"", 'HappyHour': 'True'}","Italian, Bars, Nightlife, Restaurants, Wine Bars","{'Monday': '17:0-22:0', 'Tuesday': '17:0-22:0', 'Wednesday': '17:0-22:0', 'Thursday': '17:0-22:0', 'Friday': '17:0-23:0', 'Saturday': '17:0-23:0', 'Sunday': '17:0-21:0'}",Restaurants
OLOQhSJ1Odb6qVjuBDwfzw,Ong's Nice Chinese Noodle House,1038 Race St,Philadelphia,PA,19107,39.9554884,-75.1573273,4.0,6,0,"{'RestaurantsPriceRange2': '1', 'GoodForKids': 'True', 'BusinessParking': ""{'garage': False, 'street': False, 'validated': False, 'lot': False, 'valet': False}"", 'OutdoorSeating': 'False', 'RestaurantsAttire': ""u'casual'"", 'RestaurantsDelivery': 'False', 'BusinessAcceptsCreditCards': 'True', 'RestaurantsTakeOut': 'True', 'RestaurantsGoodForGroups': 'True'}","Chinese, Restaurants, Vietnamese",,Restaurants
JTA1jw-qSYbcoGz1QFsv4w,Rhino Bar,1234 Locust St,Philadelphia,PA,19107,39.9478403,-75.1620995,4.0,11,0,"{'Ambience': ""{'romantic': False, 'intimate': False, 'touristy': False, 'hipster': False, 'divey': False, 'classy': False, 'trendy': True, 'upscale': False, 'casual': False}"", 'BusinessAcceptsCreditCards': 'True', 'RestaurantsPriceRange2': '2', 'WiFi': ""u'no'"", 'OutdoorSeating': 'False', 'NoiseLevel': ""u'average'"", 'Alcohol': ""u'full_bar'"", 'RestaurantsDelivery': 'False', 'GoodForKids': 'False', 'RestaurantsTakeOut': 'True', 'RestaurantsAttire': ""u'casual'"", 'RestaurantsGoodForGroups': 'True', 'HappyHour': 'True', 'BusinessParking': ""{'garage': False, 'street': True, 'validated': False, 'lot': False, 'valet': False}"", 'HasTV': 'True'}","Restaurants, Gastropubs, Nightlife, Bars",,Restaurants
e3fQkykBr9V9jr1g9VWliw,Pho Ga Thanh Thanh,1100 Washington Ave,Philadelphia,PA,19147,39.9373886,-75.1616647,4.5,30,1,"{'Caters': 'False', 'RestaurantsTakeOut': 'True', 'BusinessParking': ""{'garage': False, 'street': True, 'validated': False, 'lot': False, 'valet': False}"", 'BikeParking': 'True', 'OutdoorSeating': 'True', 'WheelchairAccessible': 'True', 'Alcohol': ""u'none'"", 'HasTV': 'False', 'RestaurantsDelivery': 'False', 'BusinessAcceptsCreditCards': 'True', 'NoiseLevel': ""u'average'"", 'Ambience': ""{u'divey': None, u'hipster': False, u'casual': None, u'touristy': None, u'trendy': None, u'intimate': None, u'romantic': None, u'classy': None, u'upscale': False}"", 'RestaurantsTableService': 'True', 'BYOB': 'False'}","Vietnamese, Restaurants","{'Monday': '10:0-18:0', 'Tuesday': '10:0-18:0', 'Wednesday': '10:0-18:0', 'Thursday': '10:0-18:0', 'Friday': '10:0-18:0', 'Saturday': '10:0-18:0', 'Sunday': '10:0-18:0'}",Restaurants
XIP56Dnfod92fYrrNDOACw,Revolution Diner,239 Chestnut St,Philadelphia,PA,19106,39.9487772186,-75.1456730068,3.0,35,0,"{'RestaurantsAttire': ""u'casual'"", 'Ambience': ""{'touristy': False, 'hipster': False, 'romantic': False, 'divey': False, 'intimate': False, 'trendy': False, 'upscale': False, 'classy': False, 'casual': True}"", 'BusinessAcceptsBitcoin': 'False', 'GoodForMeal': ""{'dessert': False, 'latenight': False, 'lunch': True, 'dinner': False, 'brunch': False, 'breakfast': True}"", 'BusinessAcceptsCreditCards': 'True', 'GoodForKids': 'True', 'HasTV': 'True', 'RestaurantsTakeOut': 'True', 'RestaurantsGoodForGroups': 'True', 'OutdoorSeating': 'True', 'GoodForDancing': 'False', 'Alcohol': ""u'full_bar'"", 'BikeParking': 'True', 'NoiseLevel': ""u'average'"", 'RestaurantsDelivery': 'True', 'WheelchairAccessible': 'True', 'RestaurantsPriceRange2': '2', 'RestaurantsReservations': 'False', 'BusinessParking': ""{'garage': False, 'street': True, 'validated': False, 'lot': False, 'valet': False}"", 'CoatCheck': 'False', 'HappyHour': 'True', 'Caters': 'False', 'Smoking': ""u'outdoor'"", 'WiFi': ""u'free'"", 'RestaurantsTableService': 'True', 'DogsAllowed': 'False'}","Restaurants, Bars, Diners, Nightlife, Breakfast & Brunch","{'Monday': '0:0-0:0', 'Tuesday': '9:30-20:0', 'Wednesday': '9:30-20:0', 'Thursday': '9:30-20:0', 'Friday': '9:30-20:0', 'Saturday': '9:30-20:0', 'Sunday': '9:30-20:0'}",Restaurants
pbHUglsehzeP4hPZX3IoaA,A.Cafe AKA Cafe,135 S 18th St,Philadelphia,PA,19103,39.9503651,-75.1704529,3.0,7,1,"{'GoodForKids': 'False', 'BusinessParking': ""{'garage': False, 'street': False, 'validated': False, 'lot': False, 'valet': False}"", 'RestaurantsTakeOut': 'False', 'RestaurantsDelivery': 'False', 'BusinessAcceptsCreditCards': 'True', 'OutdoorSeating': 'True', 'HasTV': 'True', 'RestaurantsAttire': ""'dressy'"", 'RestaurantsPriceRange2': '2', 'Ambience': ""{u'divey': False, u'hipster': False, u'casual': False, u'touristy': False, u'trendy': False, u'intimate': False, u'romantic': False, u'classy': True, u'upscale': False}"", 'RestaurantsReservations': 'True', 'RestaurantsGoodForGroups': 'True'}","American (New), Restaurants",,Restaurants
7LskDbqERsCsiPNKjmNnrA,Mr Wings,500 W Oregon Ave,Philadelphia,PA,19148,39.914561,-75.156783,3.5,43,1,"{'NoiseLevel': ""u'quiet'"", 'RestaurantsPriceRange2': '1', 'Alcohol': ""u'none'"", 'BusinessAcceptsBitcoin': 'False', 'RestaurantsGoodForGroups': 'False', 'RestaurantsTakeOut': 'True', 'RestaurantsDelivery': 'True', 'BusinessParking': ""{'garage': False, 'street': False, 'validated': False, 'lot': False, 'valet': False}"", 'WiFi': ""u'no'"", 'RestaurantsReservations': 'False', 'BikeParking': 'True', 'Caters': 'True', 'RestaurantsAttire': ""u'casual'"", 'HasTV': 'True', 'BusinessAcceptsCreditCards': 'True', 'OutdoorSeating': 'False', 'GoodForMeal': ""{'dessert': False, 'latenight': False, 'lunch': True, 'dinner': True, 'brunch': False, 'breakfast': False}"", 'Ambience': ""{'touristy': None, 'hipster': False, 'romantic': None, 'divey': None, 'intimate': None, 'trendy': None, 'upscale': False, 'classy': True, 'casual': True}"", 'HappyHour': 'False', 'GoodForKids': 'True', 'RestaurantsTableService': 'False', 'ByAppointmentOnly': 'False', 'WheelchairAccessible': 'True'}","Chicken Wings, Sandwiches, Pizza, Restaurants","{'Monday': '11:0-21:30', 'Tuesday': '11:0-21:30', 'Wednesday': '11:0-21:30', 'Thursday': '11:0-21:30', 'Friday': '11:0-21:30', 'Saturday': '11:0-21:30', 'Sunday': '11:0-20:30'}",Restaurants
N2tq-0lhGucwixmXRHjE3w,Fine Palate,231 S 15th St,Philadelphia,PA,19102,39.9486585,-75.1659843,3.5,113,0,"{'HappyHour': 'True', 'RestaurantsTakeOut': 'True', 'Smoking': ""u'no'"", 'RestaurantsPriceRange2': '2', 'BusinessParking': ""{'garage': True, 'street': True, 'validated': True, 'lot': False, 'valet': False}"", 'BusinessAcceptsBitcoin': 'False', 'BestNights': ""{'monday': False, 'tuesday': False, 'friday': False, 'wednesday': False, 'thursday': False, 'sunday': False, 'saturday': False}"", 'GoodForKids': 'False', 'WheelchairAccessible': 'True', 'DogsAllowed': 'False', 'GoodForDancing': 'False', 'RestaurantsDelivery': 'False', 'OutdoorSeating': 'True', 'BusinessAcceptsCreditCards': 'True', 'RestaurantsReservations': 'True', 'Alcohol': ""u'full_bar'"", 'Music': ""{'dj': False, 'background_music': False, 'no_music': False, 'jukebox': False, 'live': False, 'video': False, 'karaoke': False}"", 'Caters': 'True', 'CoatCheck': 'True', 'RestaurantsTableService': 'True', 'NoiseLevel': ""u'average'"", 'HasTV': 'True', 'GoodForMeal': ""{'dessert': False, 'latenight': False, 'lunch': False, 'dinner': True, 'brunch': False, 'breakfast': False}"", 'WiFi': ""u'free'"", 'RestaurantsAttire': ""u'casual'"", 'Ambience': ""{'touristy': False, 'hipster': False, 'romantic': False, 'divey': False, 'intimate': True, 'trendy': False, 'upscale': False, 'classy': True, 'casual': True}"", 'BikeParking': 'True', 'RestaurantsGoodForGroups': 'True'}","American (New), Nightlife, Restaurants, Bars","{'Monday': '17:0-22:0', 'Tuesday': '16:0-22:0', 'Wednesday': '16:0-22:0', 'Thursday': '16:0-22:0', 'Friday': '16:0-23:0', 'Saturday': '11:30-23:0', 'Sunday': '11:0-15:0'}",Restaurants
k2w1Zf6F6bRQoOzXAi3Atw,Mantra,122 S 18th St,Philadelphia,PA,19103,39.951054,-75.170694,3.0,11,0,"{'Alcohol': ""u'full_bar'"", 'GoodForKids': 'False', 'RestaurantsAttire': ""'casual'"", 'OutdoorSeating': 'False', 'RestaurantsReservations': 'True', 'BusinessParking': ""{'garage': False, 'street': False, 'validated': False, 'lot': False, 'valet': False}"", 'BusinessAcceptsCreditCards': 'True', 'RestaurantsGoodForGroups': 'True', 'RestaurantsPriceRange2': '2', 'HappyHour': 'True'}","Bars, Nightlife, Lounges, Asian Fusion, Restaurants",,Restaurants
oqkbdfrXNcFNJBTSFu8RjQ,Friendly Grocery,1515 Morris St,Philadelphia,PA,19145,39.9296512,-75.1707949,4.5,5,0,"{'BusinessAcceptsCreditCards': 'False', 'BusinessParking': ""{'garage': False, 'street': False, 'validated': False, 'lot': False, 'valet': False}"", 'RestaurantsPriceRange2': '2'}","Indonesian, Restaurants, Grocery, Convenience Stores, Food","{'Tuesday': '8:0-20:0', 'Wednesday': '8:0-20:0', 'Thursday': '8:0-20:0', 'Friday': '8:0-20:0', 'Saturday': '8:0-20:0', 'Sunday': '8:0-20:0'}",Restaurants
mtvT7uRey3F395STFRM1Tg,Vernick Food & Drink,2031 Walnut St,Philadelphia,PA,19103,39.950759,-75.1748461,4.5,997,1,"{'WiFi': ""u'no'"", 'Ambience': ""{'romantic': False, 'intimate': False, 'classy': True, 'hipster': False, 'divey': False, 'touristy': False, 'trendy': False, 'upscale': False, 'casual': False}"", 'OutdoorSeating': 'True', 'BusinessAcceptsCreditCards': 'True', 'HasTV': 'True', 'RestaurantsReservations': 'True', 'Alcohol': ""u'full_bar'"", 'RestaurantsGoodForGroups': 'True', 'RestaurantsPriceRange2': '3', 'NoiseLevel': ""u'average'"", 'RestaurantsAttire': ""u'casual'"", 'BusinessParking': ""{'garage': False, 'street': True, 'validated': False, 'lot': False, 'valet': False}"", 'GoodForKids': 'False', 'Caters': 'False', 'GoodForMeal': ""{'dessert': False, 'latenight': False, 'lunch': False, 'dinner': True, 'brunch': False, 'breakfast': False}"", 'ByAppointmentOnly': 'False', 'BikeParking': 'True', 'RestaurantsDelivery': 'None', 'DogsAllowed': 'False', 'RestaurantsTakeOut': 'True', 'HappyHour': 'False'}","Food, Restaurants, Beer, Wine & Spirits, Diners, American (New)","{'Tuesday': '17:0-21:30', 'Wednesday': '17:0-21:30', 'Thursday': '17:0-21:30', 'Friday': '17:0-21:30', 'Saturday': '17:0-21:30'}",Restaurants
nHsVsOms41FRXcFQM9mGXw,Pamir Grill Kabob,719 Sansom St,Philadelphia,PA,19106,39.94888,-75.153243,4.0,36,0,"{'BikeParking': 'True', 'RestaurantsPriceRange2': '2', 'WiFi': ""u'free'"", 'Ambience': ""{'romantic': False, 'intimate': False, 'classy': False, 'hipster': False, 'divey': False, 'touristy': False, 'trendy': False, 'upscale': False, 'casual': True}"", 'RestaurantsAttire': ""u'casual'"", 'RestaurantsTableService': 'True', 'RestaurantsReservations': 'True', 'GoodForKids': 'True', 'RestaurantsDelivery': 'True', 'BusinessAcceptsCreditCards': 'True', 'RestaurantsTakeOut': 'True', 'Caters': 'True', 'RestaurantsGoodForGroups': 'True', 'WheelchairAccessible': 'False', 'NoiseLevel': ""'quiet'"", 'OutdoorSeating': 'False', 'GoodForMeal': ""{'dessert': False, 'latenight': False, 'lunch': True, 'dinner': True, 'brunch': False, 'breakfast': False}"", 'Alcohol': ""'none'"", 'HasTV': 'False', 'BusinessParking': ""{'garage': True, 'street': False, 'validated': False, 'lot': False, 'valet': False}""}","Halal, Afghan, Restaurants","{'Monday': '11:0-21:0', 'Tuesday': '11:0-21:0', 'Wednesday': '11:0-21:0', 'Thursday': '11:0-21:0', 'Friday': '11:0-21:0', 'Saturday': '11:0-21:0'}",Restaurants
efxiiiwXpF2pEsCfgeQc8g,Juno,1033 Spring Garden St,Philadelphia,PA,19123,39.9619437,-75.155644,4.0,186,1,"{'BusinessParking': ""{'garage': False, 'street': True, 'validated': False, 'lot': False, 'valet': False}"", 'OutdoorSeating': 'True', 'RestaurantsReservations': 'True', 'HasTV': 'True', 'HappyHour': 'True', 'BYOB': 'False', 'Corkage': 'False', 'DogsAllowed': 'False', 'BusinessAcceptsCreditCards': 'True', 'Caters': 'False', 'RestaurantsDelivery': 'True', 'BestNights': ""{u'monday': False, u'tuesday': False, u'wednesday': False, u'thursday': False, u'friday': False, u'saturday': False, u'sunday': False}"", 'Alcohol': ""u'full_bar'"", 'NoiseLevel': ""u'average'"", 'RestaurantsPriceRange2': '2', 'WiFi': ""u'free'"", 'RestaurantsTakeOut': 'True', 'RestaurantsTableService': 'True', 'Ambience': ""{u'divey': False, u'hipster': True, u'casual': True, u'touristy': False, u'trendy': True, u'intimate': None, u'romantic': None, u'classy': None, u'upscale': None}"", 'BikeParking': 'False', 'WheelchairAccessible': 'True', 'CoatCheck': 'False', 'Smoking': ""u'no'""}","Nightlife, Cocktail Bars, Restaurants, Mexican, Bars, American (New)","{'Monday': '0:0-0:0', 'Wednesday': '16:0-0:0', 'Thursday': '16:0-0:0', 'Friday': '16:0-0:0', 'Saturday': '11:0-0:0', 'Sunday': '11:0-23:0'}",Restaurants
zURelxN8KhAmi3uxuQtC_g,Butcher's Smokehouse,1221 Walnut St,Philadelphia,PA,19107,39.9491951,-75.1615152,4.0,62,0,"{'OutdoorSeating': 'True', 'WiFi': ""u'free'"", 'BikeParking': 'True', 'RestaurantsReservations': 'False', 'Caters': 'True', 'GoodForMeal': 'None', 'BusinessAcceptsBitcoin': 'False', 'RestaurantsTakeOut': 'True', 'HappyHour': 'False', 'BusinessParking': ""{'garage': False, 'street': True, 'validated': False, 'lot': False, 'valet': False}"", 'RestaurantsDelivery': 'True', 'DogsAllowed': 'False', 'HasTV': 'True', 'WheelchairAccessible': 'True', 'RestaurantsPriceRange2': '2', 'Ambience': ""{'touristy': False, 'hipster': None, 'romantic': False, 'divey': None, 'intimate': False, 'trendy': None, 'upscale': False, 'classy': False, 'casual': True}"", 'RestaurantsGoodForGroups': 'True', 'RestaurantsTableService': 'False', 'BusinessAcceptsCreditCards': 'True', 'Alcohol': ""u'none'""}","Barbeque, Southern, Smokehouse, Food, Restaurants","{'Monday': '11:0-22:0', 'Tuesday': '11:0-22:0', 'Wednesday': '11:0-22:0', 'Thursday': '11:0-22:0', 'Friday': '11:0-0:0', 'Saturday': '11:0-0:0', 'Sunday': '11:0-22:0'}",Restaurants
_qgqa4X1OiMLqub1hHaMjg,Res Ipsa Cafe,2218 Walnut St,Philadelphia,PA,19103,39.9508611,-75.1783641,4.0,205,0,"{'Caters': 'False', 'RestaurantsDelivery': 'False', 'GoodForKids': 'True', 'RestaurantsAttire': ""'casual'"", 'RestaurantsGoodForGroups': 'False', 'BikeParking': 'False', 'BusinessAcceptsCreditCards': 'True', 'RestaurantsTakeOut': 'True', 'RestaurantsPriceRange2': '1', 'Ambience': ""{'touristy': False, 'hipster': False, 'romantic': False, 'divey': False, 'intimate': False, 'trendy': True, 'upscale': False, 'classy': True, 'casual': True}"", 'NoiseLevel': ""u'average'"", 'BusinessParking': ""{'garage': None, 'street': True, 'validated': None, 'lot': False, 'valet': False}"", 'OutdoorSeating': 'False', 'WiFi': ""u'free'"", 'HasTV': 'True', 'DogsAllowed': 'False', 'Alcohol': ""'none'"", 'RestaurantsTableService': 'True', 'GoodForMeal': ""{'dessert': False, 'latenight': False, 'lunch': True, 'dinner': False, 'brunch': True, 'breakfast': True}"", 'RestaurantsReservations': 'True'}","Restaurants, Coffee & Tea, Cafes, Food, Breakfast & Brunch, Italian","{'Monday': '8:0-17:30', 'Tuesday': '7:0-17:0', 'Wednesday': '7:0-22:30', 'Thursday': '7:0-22:30', 'Friday': '7:0-22:30', 'Saturday': '8:0-17:0', 'Sunday': '8:0-22:30'}",Restaurants
1AqUAR932UJgGwr6FGfPkw,WaWa,33 S 16th St,Philadelphia,PA,19102,39.951686,-75.166981,2.5,8,1,"{'RestaurantsTakeOut': 'True', 'WiFi': ""u'free'"", 'RestaurantsDelivery': 'True'}","Food, Restaurants, Sandwiches, Coffee & Tea","{'Monday': '6:0-17:0', 'Tuesday': '6:0-17:0', 'Wednesday': '6:0-17:0', 'Thursday': '6:0-17:0', 'Friday': '6:0-17:0', 'Saturday': '6:0-17:0', 'Sunday': '6:0-17:0'}",Restaurants
xxEHFHP76kpurV_ra9YGHw,Bento Tokyo,2 Penn Center Plz,Philadelphia,PA,19103,39.9507507,-75.1503979,2.5,17,0,"{'OutdoorSeating': 'False', 'BusinessAcceptsCreditCards': 'True', 'RestaurantsReservations': 'False', 'Ambience': ""{'romantic': False, 'intimate': False, 'touristy': False, 'hipster': False, 'divey': False, 'classy': False, 'trendy': False, 'upscale': False, 'casual': False}"", 'RestaurantsGoodForGroups': 'False', 'RestaurantsAttire': ""u'casual'"", 'RestaurantsTakeOut': 'True', 'GoodForKids': 'False', 'NoiseLevel': ""u'quiet'"", 'RestaurantsPriceRange2': '2', 'RestaurantsDelivery': 'False'}","Japanese, Restaurants",,Restaurants
sVZb87xjhbCWHQ2UXOGLrA,Giorgio On Pine,1328 Pine St,Philadelphia,PA,19107,39.9453393812,-75.1644544588,4.0,954,1,"{'Alcohol': ""u'none'"", 'WiFi': ""u'no'"", 'RestaurantsReservations': 'True', 'BusinessAcceptsCreditCards': 'True', 'RestaurantsGoodForGroups': 'True', 'RestaurantsPriceRange2': '2', 'RestaurantsAttire': ""u'casual'"", 'BikeParking': 'True', 'NoiseLevel': ""u'average'"", 'WheelchairAccessible': 'False', 'Ambience': ""{'touristy': False, 'hipster': False, 'romantic': False, 'divey': False, 'intimate': False, 'trendy': False, 'upscale': False, 'classy': True, 'casual': True}"", 'GoodForMeal': ""{'dessert': False, 'latenight': False, 'lunch': False, 'dinner': True, 'brunch': False, 'breakfast': False}"", 'BusinessParking': ""{'garage': True, 'street': True, 'validated': False, 'lot': False, 'valet': False}"", 'GoodForKids': 'True', 'DogsAllowed': 'False', 'HasTV': 'True', 'Caters': 'False', 'RestaurantsTableService': 'True', 'RestaurantsTakeOut': 'True', 'RestaurantsDelivery': 'None', 'OutdoorSeating': 'None'}","Pizza, Italian, Restaurants, Gluten-Free","{'Monday': '11:30-22:0', 'Tuesday': '11:30-22:0', 'Wednesday': '11:30-22:0', 'Thursday': '11:30-22:0', 'Friday': '11:30-23:0', 'Saturday': '11:30-23:0', 'Sunday': '13:0-21:0'}",Restaurants
Vjztqe-JBseYpypb6xv3PQ,Independence Mall Café,50 N Independence Mall E,Philadelphia,PA,19106,39.9510629,-75.1488438,4.0,8,1,"{'OutdoorSeating': 'True', 'HasTV': 'False', 'RestaurantsGoodForGroups': 'True', 'Alcohol': ""u'beer_and_wine'"", 'RestaurantsTakeOut': 'True', 'RestaurantsDelivery': 'False', 'RestaurantsAttire': ""'casual'"", 'Ambience': ""{'romantic': False, 'intimate': False, 'classy': False, 'hipster': False, 'divey': False, 'touristy': False, 'trendy': False, 'upscale': False, 'casual': False}"", 'RestaurantsReservations': 'False', 'BusinessAcceptsCreditCards': 'True', 'BikeParking': 'True', 'RestaurantsPriceRange2': '2', 'Caters': 'False', 'GoodForMeal': ""{'dessert': False, 'latenight': False, 'lunch': False, 'dinner': False, 'brunch': False, 'breakfast': False}"", 'NoiseLevel': ""'average'"", 'WiFi': ""u'no'"", 'BusinessParking': ""{'garage': False, 'street': False, 'validated': False, 'lot': True, 'valet': False}"", 'BusinessAcceptsBitcoin': 'False', 'GoodForKids': 'True'}","Food, Cafes, Restaurants","{'Thursday': '11:0-16:0', 'Friday': '11:0-16:0', 'Saturday': '11:0-16:0', 'Sunday': '11:0-16:0'}",Restaurants
2SevIwjgGdDdkIfs3Peu-Q,Brown Street Coffee & Bánhery,2545 Brown St,Philadelphia,PA,19130,39.9703702755,-75.1795366775,4.0,145,1,"{'WheelchairAccessible': 'False', 'WiFi': ""u'free'"", 'RestaurantsGoodForGroups': 'True', 'RestaurantsPriceRange2': '1', 'Alcohol': ""u'none'"", 'Ambience': ""{'romantic': False, 'intimate': False, 'classy': False, 'hipster': False, 'divey': False, 'touristy': False, 'trendy': False, 'upscale': False, 'casual': True}"", 'HasTV': 'False', 'NoiseLevel': ""'average'"", 'RestaurantsTableService': 'False', 'RestaurantsAttire': ""'casual'"", 'RestaurantsReservations': 'False', 'BusinessParking': ""{'garage': False, 'street': True, 'validated': False, 'lot': False, 'valet': False}"", 'Caters': 'False', 'DogsAllowed': 'False', 'OutdoorSeating': 'True', 'RestaurantsDelivery': 'True', 'BusinessAcceptsCreditCards': 'True', 'RestaurantsTakeOut': 'True', 'BikeParking': 'True', 'GoodForKids': 'True', 'GoodForMeal': ""{'dessert': False, 'latenight': False, 'lunch': True, 'dinner': False, 'brunch': True, 'breakfast': True}"", 'BYOB': 'False'}","Coffee & Tea, Breakfast & Brunch, Food, Sandwiches, Restaurants, Vietnamese","{'Monday': '7:0-17:0', 'Tuesday': '7:0-17:0', 'Wednesday': '7:0-17:0', 'Thursday': '7:0-15:0', 'Friday': '7:0-17:0', 'Saturday': '7:0-17:0', 'Sunday': '7:0-17:0'}",Restaurants
PVVFos1LDfD7iETY0w4vaA,Su Xing House,1508 Sansom St,Philadelphia,PA,19102,39.950215,-75.166346,4.0,417,1,"{'BusinessParking': ""{'garage': False, 'street': True, 'validated': False, 'lot': False, 'valet': False}"", 'BusinessAcceptsCreditCards': 'True', 'RestaurantsGoodForGroups': 'True', 'Corkage': 'False', 'RestaurantsTakeOut': 'True', 'GoodForKids': 'True', 'RestaurantsReservations': 'True', 'Caters': 'False', 'BYOBCorkage': ""'yes_free'"", 'RestaurantsPriceRange2': '2', 'RestaurantsAttire': ""'casual'"", 'NoiseLevel': ""u'quiet'"", 'HasTV': 'False', 'BikeParking': 'False', 'Alcohol': ""'none'"", 'WiFi': ""u'no'"", 'HappyHour': 'False', 'OutdoorSeating': 'False', 'Ambience': ""{'touristy': False, 'hipster': False, 'romantic': False, 'divey': False, 'intimate': False, 'trendy': False, 'upscale': False, 'classy': True, 'casual': True}"", 'RestaurantsDelivery': 'True', 'GoodForMeal': ""{'dessert': False, 'latenight': False, 'lunch': True, 'dinner': True, 'brunch': False, 'breakfast': False}""}","Kosher, Chinese, Restaurants, Vegetarian, Vegan","{'Monday': '0:0-0:0', 'Tuesday': '11:0-22:0', 'Wednesday': '11:0-22:0', 'Thursday': '11:0-22:0', 'Friday': '11:0-22:30', 'Saturday': '11:0-22:30'}",Restaurants
PW5eZM5RAQEhy3wgovChhQ,Cafe Victoria's,325 N 12th St,Philadelphia,PA,19107,39.958422,-75.158257,3.0,29,0,"{'RestaurantsGoodForGroups': 'True', 'RestaurantsTakeOut': 'True', 'BusinessAcceptsCreditCards': 'True', 'OutdoorSeating': 'True', 'RestaurantsAttire': ""u'casual'"", 'RestaurantsPriceRange2': '1', 'GoodForKids': 'True', 'BikeParking': 'True', 'Ambience': ""{'romantic': False, 'intimate': False, 'classy': False, 'hipster': False, 'divey': True, 'touristy': False, 'trendy': False, 'upscale': False, 'casual': False}"", 'NoiseLevel': ""u'quiet'"", 'RestaurantsReservations': 'False', 'Alcohol': ""u'none'"", 'RestaurantsDelivery': 'True', 'HasTV': 'False', 'BusinessParking': ""{'garage': False, 'street': False, 'validated': False, 'lot': True, 'valet': False}"", 'Caters': 'True', 'WiFi': ""u'free'""}","Food, Cafes, Restaurants, Coffee & Tea, Breakfast & Brunch","{'Monday': '7:0-15:0', 'Tuesday': '7:0-15:0', 'Wednesday': '7:0-15:0', 'Thursday': '7:0-15:0', 'Friday': '7:0-15:0'}",Restaurants
G9LZoNlCfRH941q87_JLIg,Mission Taqueria,"1516 Sansom St, Fl 2",Philadelphia,PA,19102,39.9502217062,-75.1665529981,4.0,617,1,"{'HasTV': 'True', 'RestaurantsTableService': 'True', 'WiFi': ""u'free'"", 'BusinessAcceptsCreditCards': 'True', 'RestaurantsAttire': ""u'casual'"", 'RestaurantsPriceRange2': '2', 'Alcohol': ""u'full_bar'"", 'RestaurantsReservations': 'False', 'NoiseLevel': ""u'loud'"", 'GoodForKids': 'True', 'RestaurantsTakeOut': 'True', 'WheelchairAccessible': 'False', 'Caters': 'False', 'HappyHour': 'True', 'GoodForMeal': ""{'dessert': None, 'latenight': False, 'lunch': True, 'dinner': True, 'brunch': None, 'breakfast': False}"", 'DriveThru': 'None', 'BikeParking': 'True', 'Ambience': ""{u'divey': False, u'hipster': True, u'casual': None, u'touristy': False, u'trendy': True, u'intimate': False, u'romantic': False, u'classy': False, u'upscale': False}"", 'RestaurantsGoodForGroups': 'True', 'DogsAllowed': 'False', 'RestaurantsDelivery': 'True', 'BusinessParking': ""{'garage': False, 'street': True, 'validated': False, 'lot': False, 'valet': False}"", 'OutdoorSeating': 'True'}","Tex-Mex, Restaurants, Food, Nightlife, Beer, Wine & Spirits, Pubs, Bars, Mexican","{'Monday': '0:0-0:0', 'Tuesday': '11:0-22:0', 'Wednesday': '11:0-22:0', 'Thursday': '11:0-22:0', 'Friday': '11:0-23:0', 'Saturday': '11:0-23:0'}",Restaurants
I2EK0VsOnF8pFCs28PHPdg,VERTS Mediterranean Grill,1601 Market St,Philadelphia,PA,19103,39.9531296089,-75.1673563197,3.5,85,0,"{'BusinessParking': ""{'garage': False, 'street': True, 'validated': False, 'lot': False, 'valet': False}"", 'Alcohol': ""u'none'"", 'RestaurantsTableService': 'False', 'BusinessAcceptsCreditCards': 'True', 'WiFi': ""'free'"", 'RestaurantsPriceRange2': '1', 'RestaurantsAttire': ""'casual'"", 'BikeParking': 'True', 'RestaurantsDelivery': 'True', 'NoiseLevel': ""u'average'"", 'RestaurantsTakeOut': 'True', 'GoodForKids': 'True', 'HasTV': 'False', 'RestaurantsReservations': 'False', 'Ambience': ""{'touristy': False, 'hipster': False, 'romantic': False, 'divey': False, 'intimate': False, 'trendy': True, 'upscale': False, 'classy': False, 'casual': True}"", 'RestaurantsGoodForGroups': 'True', 'OutdoorSeating': 'True', 'GoodForMeal': ""{'dessert': False, 'latenight': False, 'lunch': True, 'dinner': True, 'brunch': False, 'breakfast': False}""}","Sandwiches, Restaurants, Turkish, Salad, Mediterranean","{'Monday': '11:0-22:0', 'Tuesday': '11:0-22:0', 'Wednesday': '11:0-22:0', 'Thursday': '11:0-22:0', 'Friday': '11:0-22:0', 'Saturday': '11:0-22:0', 'Sunday': '11:0-22:0'}",Restaurants
FDifzPPJA9aZKxNQo61pfQ,Green Eggs Cafe,2800 W Girard Ave,Philadelphia,PA,19130,39.9741163,-75.1821029,3.5,93,1,"{'HappyHour': 'False', 'BusinessAcceptsCreditCards': 'False', 'OutdoorSeating': 'True', 'RestaurantsGoodForGroups': 'True', 'RestaurantsPriceRange2': '2', 'BusinessAcceptsBitcoin': 'False', 'DogsAllowed': 'False', 'RestaurantsTableService': 'True', 'RestaurantsReservations': 'False', 'Caters': 'True', 'WiFi': ""u'no'"", 'Alcohol': ""u'none'"", 'WheelchairAccessible': 'True', 'HasTV': 'True', 'GoodForMeal': ""{u'breakfast': None, u'brunch': True, u'lunch': None, u'dinner': None, u'latenight': None, u'dessert': None}"", 'BikeParking': 'False', 'RestaurantsTakeOut': 'False', 'Ambience': ""{u'divey': None, u'hipster': True, u'casual': True, u'touristy': None, u'trendy': True, u'intimate': False, u'romantic': False, u'classy': False, u'upscale': False}"", 'RestaurantsDelivery': 'True', 'NoiseLevel': ""u'average'"", 'BusinessParking': ""{'garage': False, 'street': True, 'validated': False, 'lot': False, 'valet': False}""}","American (New), Breakfast & Brunch, Restaurants, Diners","{'Monday': '0:0-0:0', 'Tuesday': '9:0-15:0', 'Wednesday': '9:0-15:0', 'Thursday': '9:0-15:0', 'Friday': '9:0-15:0', 'Saturday': '9:0-15:0', 'Sunday': '9:0-15:0'}",Restaurants
3BJxm-HnvzdwD1zjmSbmyQ,Golden Chopstick Chinese Restaurant,1800 Spring Garden St,Philadelphia,PA,19130,39.963077709,-75.1680274529,3.0,137,1,"{'GoodForKids': 'True', 'RestaurantsDelivery': 'True', 'Alcohol': ""u'none'"", 'RestaurantsTakeOut': 'True', 'RestaurantsPriceRange2': '1', 'BusinessAcceptsCreditCards': 'True', 'OutdoorSeating': 'False', 'RestaurantsGoodForGroups': 'True', 'BikeParking': 'True', 'BusinessParking': ""{'garage': False, 'street': True, 'validated': False, 'lot': False, 'valet': False}"", 'HasTV': 'True', 'RestaurantsAttire': ""'casual'"", 'NoiseLevel': ""u'average'"", 'HappyHour': 'False', 'DogsAllowed': 'False', 'WheelchairAccessible': 'True', 'WiFi': ""u'free'"", 'RestaurantsReservations': 'True', 'BusinessAcceptsBitcoin': 'False', 'GoodForMeal': ""{'dessert': False, 'latenight': False, 'lunch': True, 'dinner': None, 'brunch': False, 'breakfast': False}"", 'Ambience': ""{'touristy': False, 'hipster': False, 'romantic': False, 'divey': None, 'intimate': False, 'trendy': False, 'upscale': False, 'classy': False, 'casual': None}"", 'RestaurantsTableService': 'True', 'Caters': 'True'}","Restaurants, Chinese","{'Monday': '0:0-0:0', 'Tuesday': '11:0-22:30', 'Wednesday': '11:0-22:30', 'Thursday': '11:0-22:30', 'Friday': '11:0-22:30', 'Saturday': '11:0-22:30', 'Sunday': '12:0-22:30'}",Restaurants
FnEkr6LzjuGsg93Z7fkl7Q,Misconduct Tavern,1801 John F Kennedy Blvd,Philadelphia,PA,19103,39.954395,-75.169849,3.0,131,1,"{'RestaurantsPriceRange2': '2', 'NoiseLevel': ""u'average'"", 'BikeParking': 'True', 'RestaurantsReservations': 'True', 'GoodForKids': 'False', 'GoodForDancing': 'False', 'GoodForMeal': ""{'dessert': None, 'latenight': None, 'lunch': None, 'dinner': True, 'brunch': None, 'breakfast': None}"", 'RestaurantsTakeOut': 'True', 'WiFi': ""'free'"", 'Alcohol': ""u'full_bar'"", 'RestaurantsAttire': ""'casual'"", 'BestNights': ""{'monday': True, 'tuesday': False, 'friday': True, 'wednesday': False, 'thursday': True, 'sunday': False, 'saturday': False}"", 'HasTV': 'True', 'RestaurantsGoodForGroups': 'True', 'OutdoorSeating': 'True', 'Caters': 'True', 'RestaurantsTableService': 'True', 'BusinessParking': ""{'garage': True, 'street': None, 'validated': None, 'lot': False, 'valet': False}"", 'Music': ""{'dj': None, 'background_music': False, 'no_music': False, 'jukebox': None, 'live': False, 'video': False, 'karaoke': None}"", 'RestaurantsDelivery': 'True', 'Smoking': ""u'no'"", 'Ambience': ""{'touristy': False, 'hipster': False, 'romantic': False, 'divey': False, 'intimate': False, 'trendy': None, 'upscale': False, 'classy': False, 'casual': True}"", 'BusinessAcceptsCreditCards': 'True', 'HappyHour': 'True'}","Bars, American (New), Nightlife, Restaurants","{'Monday': '12:0-22:0', 'Tuesday': '12:0-22:0', 'Wednesday': '12:0-22:0', 'Thursday': '12:0-22:0', 'Friday': '12:0-23:0', 'Saturday': '12:0-23:0', 'Sunday': '12:0-22:0'}",Restaurants
zwgBxmrmPBF6N2uRTUYXrQ,Sugars,225 Church St,Philadelphia,PA,19106,39.950992,-75.144882,3.5,148,0,"{'OutdoorSeating': 'False', 'NoiseLevel': ""u'loud'"", 'RestaurantsDelivery': 'False', 'Ambience': ""{'romantic': False, 'intimate': False, 'touristy': False, 'hipster': True, 'divey': True, 'classy': False, 'trendy': False, 'upscale': False, 'casual': False}"", 'Caters': 'False', 'RestaurantsGoodForGroups': 'True', 'BYOBCorkage': ""'no'"", 'RestaurantsTakeOut': 'True', 'RestaurantsPriceRange2': '1', 'BusinessAcceptsCreditCards': 'True', 'RestaurantsReservations': 'False', 'Alcohol': ""'full_bar'"", 'RestaurantsAttire': ""'casual'"", 'BusinessParking': ""{'garage': False, 'street': True, 'validated': False, 'lot': False, 'valet': False}"", 'GoodForKids': 'False', 'HappyHour': 'True', 'HasTV': 'True'}","Pubs, Nightlife, Bars, Restaurants, Dive Bars","{'Wednesday': '12:0-2:0', 'Thursday': '12:0-2:0', 'Friday': '12:0-2:0', 'Saturday': '12:0-2:0'}",Restaurants
GLSGyWYrl6t2TJl1ZS_tVg,Good Harvest 大丰收,937 Race St,Philadelphia,PA,19107,39.9554449,-75.1556214,4.0,49,1,"{'GoodForMeal': ""{'dessert': None, 'latenight': None, 'lunch': None, 'dinner': True, 'brunch': None, 'breakfast': None}"", 'Alcohol': ""u'beer_and_wine'"", 'RestaurantsTakeOut': 'True', 'BikeParking': 'True', 'BusinessParking': ""{'garage': False, 'street': True, 'validated': False, 'lot': True, 'valet': False}"", 'Caters': 'True', 'HasTV': 'True', 'OutdoorSeating': 'False', 'DogsAllowed': 'False', 'Ambience': ""{u'divey': None, u'hipster': False, u'casual': True, u'touristy': None, u'trendy': True, u'intimate': False, u'romantic': False, u'classy': False, u'upscale': True}"", 'RestaurantsGoodForGroups': 'True', 'RestaurantsTableService': 'True', 'WheelchairAccessible': 'True', 'HappyHour': 'False', 'RestaurantsPriceRange2': '2', 'WiFi': ""u'free'"", 'RestaurantsReservations': 'True', 'BusinessAcceptsBitcoin': 'False', 'RestaurantsDelivery': 'None', 'BYOB': 'True', 'NoiseLevel': ""u'average'"", 'BusinessAcceptsCreditCards': 'True'}","Cantonese, Seafood, Chinese, Restaurants","{'Monday': '16:0-3:0', 'Tuesday': '16:0-3:0', 'Wednesday': '16:0-3:0', 'Thursday': '16:0-3:0', 'Friday': '16:0-4:0', 'Saturday': '16:0-4:0', 'Sunday': '16:0-4:0'}",Restaurants
xrlyoI0SHEFBJa52qQnPUw,iSushi,425 S Broad St,Philadelphia,PA,19147,39.9447422,-75.1649204,3.0,109,0,"{'HasTV': 'False', 'BikeParking': 'True', 'BusinessParking': ""{'garage': False, 'street': True, 'validated': False, 'lot': False, 'valet': False}"", 'RestaurantsPriceRange2': '2', 'RestaurantsGoodForGroups': 'True', 'NoiseLevel': ""u'quiet'"", 'Alcohol': ""u'none'"", 'GoodForMeal': ""{'dessert': False, 'latenight': False, 'lunch': True, 'dinner': True, 'brunch': False, 'breakfast': False}"", 'GoodForKids': 'True', 'OutdoorSeating': 'False', 'RestaurantsTakeOut': 'True', 'Ambience': ""{'romantic': False, 'intimate': False, 'classy': False, 'hipster': False, 'divey': False, 'touristy': False, 'trendy': False, 'upscale': False, 'casual': True}"", 'Caters': 'True', 'RestaurantsDelivery': 'True', 'RestaurantsReservations': 'True', 'RestaurantsAttire': ""u'casual'"", 'BusinessAcceptsCreditCards': 'True', 'WiFi': ""'no'"", 'RestaurantsTableService': 'True'}","Chinese, Restaurants, Thai, Sushi Bars","{'Monday': '11:30-22:30', 'Tuesday': '11:30-22:30', 'Wednesday': '11:30-22:30', 'Thursday': '11:30-22:30', 'Friday': '11:30-23:30', 'Saturday': '11:30-23:30', 'Sunday': '13:0-22:30'}",Restaurants
uIFRFef7l43YxA8G3dU6Tg,Mayflower Bakery & Cafe,1008 Race St,Philadelphia,PA,19107,39.955259,-75.156314,4.5,125,1,"{'BusinessAcceptsCreditCards': 'False', 'BusinessParking': ""{'garage': False, 'street': True, 'validated': False, 'lot': False, 'valet': False}"", 'RestaurantsPriceRange2': '1', 'BikeParking': 'True', 'RestaurantsTakeOut': 'True', 'BusinessAcceptsBitcoin': 'False', 'WiFi': ""u'free'"", 'WheelchairAccessible': 'False', 'DogsAllowed': 'False', 'RestaurantsDelivery': 'False', 'OutdoorSeating': 'False', 'Caters': 'False'}","Restaurants, Food, Bakeries, Coffee & Tea, Desserts","{'Monday': '7:0-20:30', 'Tuesday': '7:0-20:30', 'Wednesday': '7:0-20:30', 'Thursday': '7:0-20:30', 'Friday': '7:0-20:30', 'Saturday': '7:0-20:30', 'Sunday': '7:0-20:30'}",Restaurants
pum7TsURcc2NKcYKpId9gA,Lickety Split,401 S St,Philadelphia,PA,19147,39.9350642,-75.1516194,3.5,56,0,"{'BusinessAcceptsCreditCards': 'True', 'NoiseLevel': ""u'average'"", 'BYOBCorkage': ""'yes_free'"", 'RestaurantsTakeOut': 'True', 'RestaurantsGoodForGroups': 'True', 'RestaurantsPriceRange2': '1', 'RestaurantsReservations': 'False', 'Ambience': ""{'romantic': False, 'intimate': False, 'touristy': False, 'hipster': False, 'divey': True, 'classy': False, 'trendy': False, 'upscale': False, 'casual': False}"", 'Alcohol': ""u'full_bar'"", 'OutdoorSeating': 'False', 'Corkage': 'False', 'GoodForKids': 'False', 'BusinessParking': ""{'garage': False, 'street': True, 'validated': False, 'lot': False, 'valet': False}"", 'RestaurantsAttire': ""'casual'"", 'BikeParking': 'True', 'WiFi': ""'free'"", 'RestaurantsDelivery': 'False', 'HasTV': 'True'}","Bars, Nightlife, Pizza, Restaurants","{'Monday': '12:0-2:0', 'Tuesday': '12:0-2:0', 'Wednesday': '12:0-2:0', 'Thursday': '12:0-2:0', 'Friday': '12:0-2:0', 'Saturday': '12:0-2:0', 'Sunday': '12:0-2:0'}",Restaurants
jjFUWQdn6HANmgVy3Qy0RA,la bamba,600 Catharine St,Philadelphia,PA,19147,39.9386746,-75.1531814,5.0,44,1,"{'GoodForMeal': ""{'dessert': False, 'latenight': False, 'lunch': False, 'dinner': False, 'brunch': False, 'breakfast': False}"", 'RestaurantsTakeOut': 'True', 'OutdoorSeating': 'True', 'BusinessParking': ""{u'valet': False, u'garage': None, u'street': None, u'lot': False, u'validated': None}"", 'Ambience': ""{u'divey': None, u'hipster': True, u'casual': True, u'touristy': None, u'trendy': None, u'intimate': True, u'romantic': None, u'classy': None, u'upscale': None}""}","Tacos, Restaurants, Mexican","{'Monday': '17:0-19:30', 'Tuesday': '17:0-19:30', 'Wednesday': '17:0-19:30', 'Thursday': '17:0-19:30', 'Friday': '15:45-19:30', 'Saturday': '15:45-19:30', 'Sunday': '15:45-19:30'}",Restaurants
WX1x4UaiDxl4o4LfpFG8TA,Samosa Deb,9TH And Catherine,Philadelphia,PA,19147,39.9397277733,-75.1577685373,2.0,8,1,"{'Alcohol': ""u'none'"", 'RestaurantsTakeOut': 'True'}","Restaurants, Food Trucks, Indian, Food",,Restaurants
1uH04sUUaBmtHq89OIXd_Q,Salt & Pepper,1623 E Passyunk Ave,Philadelphia,PA,19148,39.929332,-75.163804,4.0,89,0,"{'RestaurantsGoodForGroups': 'True', 'GoodForKids': 'False', 'NoiseLevel': ""u'average'"", 'BusinessParking': ""{'garage': False, 'street': True, 'validated': False, 'lot': False, 'valet': False}"", 'RestaurantsDelivery': 'False', 'RestaurantsAttire': ""'casual'"", 'RestaurantsTakeOut': 'False', 'WiFi': ""u'no'"", 'RestaurantsReservations': 'True', 'OutdoorSeating': 'True', 'BusinessAcceptsCreditCards': 'True', 'Caters': 'False', 'Alcohol': ""u'full_bar'"", 'Ambience': ""{'romantic': True, 'intimate': True, 'touristy': False, 'hipster': False, 'divey': False, 'classy': False, 'trendy': False, 'upscale': False, 'casual': False}"", 'RestaurantsPriceRange2': '2', 'GoodForMeal': ""{'dessert': False, 'latenight': False, 'lunch': False, 'dinner': True, 'brunch': False, 'breakfast': False}"", 'HasTV': 'False'}","French, Restaurants, American (New)","{'Tuesday': '17:0-22:0', 'Wednesday': '17:0-22:0', 'Thursday': '17:0-22:0', 'Friday': '17:0-22:0', 'Saturday': '17:0-22:0'}",Restaurants
U_2SVhHWL3yp5SnV3yD6Hw,Five Spot,1 S Bank St,Philadelphia,PA,19106,39.9496538,-75.1448315,4.0,10,0,"{'RestaurantsAttire': ""'dressy'"", 'BusinessAcceptsCreditCards': 'True', 'GoodForKids': 'False', 'BusinessParking': ""{'garage': False, 'street': False, 'validated': False, 'lot': False, 'valet': False}"", 'RestaurantsPriceRange2': '2', 'RestaurantsGoodForGroups': 'True', 'Alcohol': ""'full_bar'""}","Nightlife, Dance Clubs, Music Venues, Lounges, Restaurants, Arts & Entertainment, Bars",,Restaurants
qDkbudGRfmJvf7trQZea4g,Ruth's Chris Steak House,260 S Broad St,Philadelphia,PA,19102,39.9472570078,-75.164857377,3.0,110,0,"{'Ambience': ""{'romantic': False, 'intimate': False, 'classy': True, 'hipster': False, 'divey': False, 'touristy': False, 'trendy': False, 'upscale': False, 'casual': False}"", 'BYOBCorkage': ""'no'"", 'RestaurantsDelivery': 'False', 'RestaurantsReservations': 'True', 'RestaurantsPriceRange2': '3', 'BusinessAcceptsCreditCards': 'True', 'RestaurantsGoodForGroups': 'True', 'RestaurantsAttire': ""'dressy'"", 'RestaurantsTakeOut': 'False', 'Alcohol': ""u'full_bar'"", 'NoiseLevel': ""u'average'"", 'BikeParking': 'True', 'GoodForKids': 'False', 'HasTV': 'True', 'OutdoorSeating': 'False', 'Caters': 'False', 'BusinessParking': ""{'garage': False, 'street': False, 'validated': False, 'lot': False, 'valet': True}"", 'WiFi': ""u'no'""}","Restaurants, Steakhouses","{'Monday': '17:0-22:0', 'Tuesday': '17:0-22:0', 'Wednesday': '17:0-22:0', 'Thursday': '17:0-22:0', 'Friday': '17:0-23:0', 'Saturday': '16:0-23:0', 'Sunday': '16:0-21:0'}",Restaurants
4P6u1-EXiwVdGSZbYHD7GQ,The HeadHouse Cafe,122 Lombard St,Philadelphia,PA,19147,39.9419336,-75.1447558,2.5,35,1,"{'Ambience': ""{'romantic': False, 'intimate': False, 'touristy': False, 'hipster': False, 'divey': False, 'classy': False, 'trendy': False, 'upscale': False, 'casual': True}"", 'RestaurantsGoodForGroups': 'True', 'BikeParking': 'False', 'RestaurantsAttire': ""u'casual'"", 'RestaurantsReservations': 'True', 'HasTV': 'True', 'BusinessParking': ""{'garage': False, 'street': True, 'validated': True, 'lot': False, 'valet': False}"", 'RestaurantsTakeOut': 'True', 'NoiseLevel': ""u'loud'"", 'WiFi': ""u'no'"", 'RestaurantsPriceRange2': '2', 'OutdoorSeating': 'False', 'Alcohol': ""u'full_bar'"", 'RestaurantsDelivery': 'False', 'GoodForKids': 'False', 'Caters': 'True', 'Music': ""{'dj': False, 'background_music': False, 'no_music': False, 'jukebox': False, 'live': True, 'video': False, 'karaoke': False}"", 'BusinessAcceptsCreditCards': 'True'}","Sushi Bars, Restaurants, Bars, Gastropubs, Nightlife, Pubs","{'Monday': '16:0-2:0', 'Tuesday': '16:0-2:0', 'Wednesday': '16:0-2:0', 'Thursday': '16:0-2:0', 'Friday': '16:0-2:0', 'Saturday': '16:0-2:0', 'Sunday': '16:0-2:0'}",Restaurants
Ag_GeZwOrT0nmyhnKQiVBA,Starbucks,"1500 Market St, Ste 465",Philadelphia,PA,19102,39.952545,-75.166731,3.0,46,1,"{'BusinessAcceptsCreditCards': 'True', 'WiFi': ""u'free'"", 'RestaurantsTakeOut': 'True', 'BikeParking': 'True', 'RestaurantsPriceRange2': '1', 'OutdoorSeating': 'False', 'WheelchairAccessible': 'True', 'BusinessParking': ""{'garage': None, 'street': True, 'validated': False, 'lot': False, 'valet': False}"", 'Caters': 'False', 'NoiseLevel': ""u'average'""}","Restaurants, Coffee & Tea, Food","{'Monday': '0:0-0:0', 'Tuesday': '6:0-18:0', 'Wednesday': '6:0-18:0', 'Thursday': '6:0-18:0', 'Friday': '6:0-18:0', 'Saturday': '8:0-15:0', 'Sunday': '8:0-15:0'}",Restaurants
pX79hg6t0WsaCzU2npdK5w,Rai Rai Ramen,915 Race St,Philadelphia,PA,19107,39.955454,-75.1549,3.5,51,0,"{'BusinessParking': ""{'garage': False, 'street': False, 'validated': False, 'lot': False, 'valet': False}"", 'RestaurantsGoodForGroups': 'True', 'RestaurantsPriceRange2': '2', 'RestaurantsTableService': 'True', 'WiFi': ""'free'"", 'RestaurantsAttire': ""'casual'"", 'HasTV': 'True', 'BikeParking': 'False', 'OutdoorSeating': 'False', 'GoodForMeal': ""{'dessert': False, 'latenight': False, 'lunch': True, 'dinner': False, 'brunch': False, 'breakfast': False}"", 'RestaurantsTakeOut': 'True', 'Ambience': ""{'romantic': False, 'intimate': False, 'classy': False, 'hipster': False, 'divey': False, 'touristy': False, 'trendy': False, 'upscale': False, 'casual': True}"", 'BusinessAcceptsCreditCards': 'True', 'Alcohol': ""'none'"", 'GoodForKids': 'True', 'NoiseLevel': ""u'average'"", 'Caters': 'False', 'RestaurantsReservations': 'True', 'RestaurantsDelivery': 'False'}","Restaurants, Japanese, Asian Fusion",,Restaurants
NEZOlUKoQWUotatzRp-r5A,Happy Lamb Hot Pot,"1017 Arch St, Fl 1",Philadelphia,PA,19107,39.9539683,-75.1570234,4.0,169,1,"{'WheelchairAccessible': 'True', 'Alcohol': ""u'none'"", 'RestaurantsTableService': 'True', 'RestaurantsPriceRange2': '2', 'HasTV': 'True', 'RestaurantsReservations': 'True', 'OutdoorSeating': 'False', 'Caters': 'False', 'RestaurantsGoodForGroups': 'True', 'RestaurantsAttire': ""u'casual'"", 'WiFi': ""u'no'"", 'RestaurantsDelivery': 'False', 'BusinessAcceptsBitcoin': 'False', 'GoodForKids': 'True', 'Ambience': ""{'touristy': None, 'hipster': None, 'romantic': None, 'divey': False, 'intimate': None, 'trendy': True, 'upscale': False, 'classy': None, 'casual': True}"", 'BusinessAcceptsCreditCards': 'True', 'RestaurantsTakeOut': 'True', 'BusinessParking': ""{'garage': False, 'street': True, 'validated': False, 'lot': False, 'valet': False}"", 'BikeParking': 'True', 'NoiseLevel': ""u'average'"", 'HappyHour': 'False', 'GoodForMeal': ""{'dessert': None, 'latenight': None, 'lunch': True, 'dinner': True, 'brunch': None, 'breakfast': None}"", 'DogsAllowed': 'False'}","Mongolian, Restaurants, Chinese, Hot Pot","{'Monday': '0:0-0:0', 'Wednesday': '12:0-21:0', 'Thursday': '12:0-21:0', 'Friday': '12:0-21:0', 'Saturday': '12:0-21:0', 'Sunday': '12:0-21:0'}",Restaurants
QSmuCHi63m8zEJvUc6SDAA,Monster Vegan,1229 Spruce St,Philadelphia,PA,19107,39.9467611936,-75.1622402094,4.5,64,1,"{'OutdoorSeating': 'True', 'RestaurantsPriceRange2': '2', 'RestaurantsDelivery': 'True', 'RestaurantsTakeOut': 'True'}","Restaurants, Vegan, Sandwiches, Vegetarian, Italian","{'Tuesday': '12:0-22:0', 'Wednesday': '12:0-22:0', 'Thursday': '12:0-22:0', 'Friday': '12:0-22:0', 'Saturday': '12:0-22:0'}",Restaurants
vtSisxaozZ7HWpBl_W7VaQ,Time,1315 Sansom St,Philadelphia,PA,19107,39.9500001533,-75.1625513634,4.0,565,1,"{'NoiseLevel': ""u'loud'"", 'RestaurantsAttire': ""u'casual'"", 'RestaurantsReservations': 'True', 'HasTV': 'True', 'Caters': 'False', 'BusinessParking': ""{'garage': False, 'street': True, 'validated': False, 'lot': False, 'valet': False}"", 'GoodForKids': 'False', 'BusinessAcceptsCreditCards': 'True', 'RestaurantsGoodForGroups': 'True', 'RestaurantsPriceRange2': '2', 'Alcohol': ""'full_bar'"", 'BikeParking': 'True', 'GoodForMeal': ""{'dessert': False, 'latenight': True, 'lunch': False, 'dinner': True, 'brunch': False, 'breakfast': False}"", 'OutdoorSeating': 'True', 'WheelchairAccessible': 'True', 'GoodForDancing': 'True', 'BestNights': ""{'monday': False, 'tuesday': False, 'friday': True, 'wednesday': False, 'thursday': True, 'sunday': False, 'saturday': True}"", 'DogsAllowed': 'False', 'Ambience': ""{'touristy': False, 'hipster': False, 'romantic': False, 'divey': False, 'intimate': False, 'trendy': True, 'upscale': False, 'classy': True, 'casual': False}"", 'WiFi': ""u'free'"", 'HappyHour': 'True', 'RestaurantsDelivery': 'True', 'RestaurantsTakeOut': 'True', 'Music': ""{'dj': False, 'background_music': False, 'no_music': False, 'jukebox': False, 'live': True, 'video': False, 'karaoke': False}"", 'RestaurantsTableService': 'True'}","American (New), Bars, Nightlife, Cocktail Bars, Arts & Entertainment, Lounges, Event Planning & Services, Venues & Event Spaces, Restaurants, Music Venues","{'Monday': '0:0-0:0', 'Tuesday': '17:0-2:0', 'Wednesday': '17:0-2:0', 'Thursday': '17:0-2:0', 'Friday': '17:0-2:0', 'Saturday': '17:0-2:0', 'Sunday': '17:0-2:0'}",Restaurants
6LCZLGa09Qifn6rG7-DNrg,Erawan Thai Cuisine,925 Arch St,Philadelphia,PA,19107,39.953793,-75.155832,3.5,180,0,"{'RestaurantsGoodForGroups': 'True', 'HasTV': 'False', 'NoiseLevel': ""u'quiet'"", 'Alcohol': ""u'none'"", 'Ambience': ""{'romantic': False, 'intimate': False, 'touristy': False, 'hipster': False, 'divey': False, 'classy': False, 'trendy': False, 'upscale': False, 'casual': True}"", 'RestaurantsPriceRange2': '2', 'BikeParking': 'True', 'RestaurantsReservations': 'True', 'BusinessParking': ""{'garage': False, 'street': True, 'validated': False, 'lot': False, 'valet': False}"", 'Caters': 'True', 'BusinessAcceptsBitcoin': 'False', 'RestaurantsTakeOut': 'True', 'RestaurantsDelivery': 'True', 'GoodForKids': 'True', 'BusinessAcceptsCreditCards': 'True', 'WiFi': ""u'free'"", 'OutdoorSeating': 'False', 'RestaurantsAttire': ""u'casual'""}","Thai, Restaurants","{'Tuesday': '16:0-21:30', 'Wednesday': '16:0-21:30', 'Thursday': '16:0-21:30', 'Friday': '16:0-21:30', 'Saturday': '12:0-22:0', 'Sunday': '12:0-21:30'}",Restaurants
m0za_1Ocf0Q0rxlBYVDq7g,Paradise Inn,2720 W Girard Ave,Philadelphia,PA,19130,39.9740992,-75.1812936,5.0,8,1,"{'RestaurantsTakeOut': 'True', 'RestaurantsReservations': 'False', 'GoodForKids': 'True', 'BusinessAcceptsCreditCards': 'False', 'Ambience': ""{'touristy': False, 'hipster': False, 'romantic': False, 'divey': False, 'intimate': False, 'trendy': False, 'upscale': False, 'classy': False, 'casual': False}"", 'HasTV': 'True'}","Chinese, Restaurants",,Restaurants
D5V0Fawd6ODVgqCY8xngsw,Loews Philadelphia Hotel,1200 Market St,Philadelphia,PA,19107,39.9517461,-75.1602286,3.5,505,1,"{'Caters': 'True', 'RestaurantsPriceRange2': '3', 'WiFi': ""u'paid'"", 'NoiseLevel': ""u'average'"", 'OutdoorSeating': 'False', 'GoodForKids': 'True', 'Alcohol': ""u'full_bar'"", 'RestaurantsDelivery': 'False', 'RestaurantsReservations': 'True', 'BusinessAcceptsCreditCards': 'True', 'RestaurantsAttire': ""u'casual'"", 'HasTV': 'True', 'BusinessParking': ""{'garage': False, 'street': False, 'validated': False, 'lot': False, 'valet': True}"", 'DogsAllowed': 'True'}","Event Planning & Services, Hotels & Travel, Restaurants, Hotels, Seafood",,Restaurants
_Cqhs1ajez0yXle5Ms0mrg,Ly Michael's,101 N 11th St,Philadelphia,PA,19107,39.9540692,-75.1576822,4.0,11,0,"{'OutdoorSeating': 'False', 'RestaurantsAttire': ""'casual'"", 'BusinessParking': ""{'garage': True, 'street': True, 'validated': False, 'lot': False, 'valet': False}"", 'RestaurantsDelivery': 'False', 'RestaurantsReservations': 'True', 'GoodForKids': 'True', 'RestaurantsTakeOut': 'True', 'RestaurantsPriceRange2': '2', 'Alcohol': ""'full_bar'"", 'RestaurantsGoodForGroups': 'True', 'BusinessAcceptsCreditCards': 'True', 'HappyHour': 'True'}","Asian Fusion, Restaurants",,Restaurants
s6Nb9L-4r9MkLPy07ajIeg,New Town Restaurant,448 N 9th St,Philadelphia,PA,19123,39.9600207,-75.1534664,4.5,23,1,"{'RestaurantsTakeOut': 'True', 'BusinessAcceptsCreditCards': 'False', 'GoodForKids': 'True', 'OutdoorSeating': 'False', 'RestaurantsReservations': 'True', 'RestaurantsDelivery': 'True', 'RestaurantsGoodForGroups': 'True', 'Caters': 'False', 'Alcohol': ""u'none'"", 'RestaurantsPriceRange2': '1', 'WheelchairAccessible': 'False', 'HasTV': 'True', 'HappyHour': 'False', 'BusinessParking': ""{'garage': False, 'street': True, 'validated': False, 'lot': False, 'valet': False}"", 'DogsAllowed': 'False', 'BYOB': 'False', 'Corkage': 'False', 'RestaurantsTableService': 'True', 'BikeParking': 'True', 'WiFi': ""u'free'"", 'RestaurantsAttire': ""u'casual'"", 'BusinessAcceptsBitcoin': 'False', 'NoiseLevel': ""u'quiet'"", 'GoodForMeal': ""{u'breakfast': True, u'brunch': None, u'lunch': True, u'dinner': None, u'latenight': False, u'dessert': False}"", 'Ambience': ""{u'divey': None, u'hipster': None, u'casual': True, u'touristy': None, u'trendy': None, u'intimate': False, u'romantic': None, u'classy': False, u'upscale': False}""}","American (Traditional), Restaurants","{'Monday': '6:0-15:30', 'Tuesday': '6:0-15:30', 'Wednesday': '6:0-15:30', 'Thursday': '6:0-15:30', 'Friday': '6:0-15:30', 'Saturday': '6:0-14:0'}",Restaurants
SXhPAG6C19kguKpTKE-5mw,Snap Kitchen,1109 Walnut St,Philadelphia,PA,19107,39.9490145,-75.1594886,4.0,22,0,"{'RestaurantsTableService': 'False', 'RestaurantsDelivery': 'True', 'BikeParking': 'False', 'GoodForKids': 'True', 'BusinessAcceptsCreditCards': 'True', 'Alcohol': ""u'none'"", 'NoiseLevel': ""u'quiet'"", 'RestaurantsGoodForGroups': 'False', 'RestaurantsTakeOut': 'True', 'GoodForMeal': ""{'dessert': False, 'latenight': False, 'lunch': False, 'dinner': False, 'brunch': False, 'breakfast': False}"", 'RestaurantsAttire': ""'casual'"", 'RestaurantsReservations': 'False', 'HasTV': 'False', 'Ambience': ""{'romantic': False, 'intimate': False, 'classy': False, 'hipster': False, 'divey': False, 'touristy': False, 'trendy': False, 'upscale': False, 'casual': False}"", 'RestaurantsPriceRange2': '2', 'WiFi': ""u'no'"", 'BusinessParking': ""{'garage': False, 'street': False, 'validated': False, 'lot': False, 'valet': False}"", 'Caters': 'False', 'OutdoorSeating': 'False'}","Food, Vegetarian, Convenience Stores, Health Markets, Breakfast & Brunch, American (Traditional), Salad, Gluten-Free, American (New), Specialty Food, Restaurants, Food Delivery Services","{'Monday': '7:0-21:0', 'Tuesday': '7:0-21:0', 'Wednesday': '7:0-21:0', 'Thursday': '7:0-21:0', 'Friday': '7:0-20:0', 'Saturday': '9:0-20:0', 'Sunday': '9:0-21:0'}",Restaurants
Pg2ZKh-Ss7CCpaF8MwNWYw,Antonio's Deli,1014 Federal St,Philadelphia,PA,19147,39.9345137,-75.1610451,5.0,58,1,"{'BikeParking': 'True', 'WiFi': ""u'no'"", 'BusinessParking': ""{'garage': False, 'street': False, 'validated': False, 'lot': False, 'valet': False}"", 'RestaurantsTakeOut': 'True', 'HasTV': 'True', 'BusinessAcceptsCreditCards': 'True', 'RestaurantsPriceRange2': '1', 'RestaurantsGoodForGroups': 'False', 'GoodForMeal': ""{'dessert': False, 'latenight': False, 'lunch': True, 'dinner': False, 'brunch': False, 'breakfast': False}"", 'OutdoorSeating': 'True', 'RestaurantsAttire': ""'casual'"", 'GoodForKids': 'True', 'RestaurantsDelivery': 'True', 'Ambience': ""{'touristy': False, 'hipster': False, 'romantic': False, 'divey': False, 'intimate': False, 'trendy': False, 'upscale': False, 'classy': False, 'casual': False}"", 'Alcohol': ""u'none'"", 'RestaurantsReservations': 'False', 'Caters': 'True'}","Delis, Restaurants, Event Planning & Services, Sandwiches, Caterers","{'Monday': '9:0-16:0', 'Tuesday': '9:0-16:0', 'Wednesday': '9:0-16:0', 'Thursday': '9:0-16:0', 'Friday': '9:0-16:0', 'Saturday': '9:0-16:0'}",Restaurants
eMiN8nm70jjKg8izikVWDA,Chickie's & Pete's,1526 Packer Ave,Philadelphia,PA,19145,39.9114175,-75.1745111,3.5,590,1,"{'GoodForKids': 'True', 'Corkage': 'False', 'HasTV': 'True', 'RestaurantsAttire': ""'casual'"", 'RestaurantsTakeOut': 'True', 'RestaurantsPriceRange2': '2', 'BYOBCorkage': ""'no'"", 'Caters': 'True', 'NoiseLevel': ""u'loud'"", 'BikeParking': 'True', 'BusinessAcceptsCreditCards': 'True', 'RestaurantsGoodForGroups': 'True', 'WiFi': ""'free'"", 'Smoking': ""u'no'"", 'WheelchairAccessible': 'True', 'Music': ""{'dj': False, 'background_music': False, 'no_music': False, 'jukebox': False, 'live': False, 'video': False, 'karaoke': False}"", 'HappyHour': 'True', 'RestaurantsTableService': 'True', 'GoodForDancing': 'False', 'Alcohol': ""'full_bar'"", 'BestNights': ""{'monday': False, 'tuesday': False, 'friday': True, 'wednesday': False, 'thursday': False, 'sunday': True, 'saturday': True}"", 'RestaurantsDelivery': 'True', 'DogsAllowed': 'False', 'RestaurantsReservations': 'True', 'OutdoorSeating': 'True', 'CoatCheck': 'False', 'BusinessParking': ""{'garage': False, 'street': None, 'validated': False, 'lot': True, 'valet': False}"", 'GoodForMeal': ""{'dessert': False, 'latenight': None, 'lunch': True, 'dinner': True, 'brunch': False, 'breakfast': False}"", 'Ambience': ""{'touristy': None, 'hipster': False, 'romantic': False, 'divey': False, 'intimate': False, 'trendy': False, 'upscale': False, 'classy': False, 'casual': True}""}","Seafood, Nightlife, Sports Bars, Bars, Restaurants, American (New)","{'Monday': '11:0-2:0', 'Tuesday': '11:0-2:0', 'Wednesday': '11:0-2:0', 'Thursday': '11:0-2:0', 'Friday': '11:0-2:0', 'Saturday': '11:0-2:0', 'Sunday': '11:0-2:0'}",Restaurants
1iE5POC7JT8fKs2tZ-CJnA,Wawa,1038 Arch St,Philadelphia,PA,19107,39.9533758716,-75.1577233755,3.0,40,0,"{'RestaurantsGoodForGroups': 'False', 'WiFi': ""u'no'"", 'RestaurantsPriceRange2': '1', 'Alcohol': ""u'none'"", 'RestaurantsReservations': 'False', 'BusinessParking': ""{'garage': False, 'street': True, 'validated': False, 'lot': False, 'valet': False}"", 'HasTV': 'False', 'RestaurantsAttire': ""u'casual'"", 'NoiseLevel': ""u'average'"", 'RestaurantsDelivery': 'False', 'GoodForKids': 'True', 'OutdoorSeating': 'False', 'BusinessAcceptsCreditCards': 'True', 'Caters': 'False', 'BikeParking': 'False', 'RestaurantsTakeOut': 'True', 'Ambience': ""{'romantic': False, 'intimate': False, 'classy': False, 'hipster': False, 'divey': True, 'touristy': False, 'trendy': False, 'upscale': False, 'casual': False}""}","Convenience Stores, Delis, Food, Restaurants",,Restaurants
cWu31txqrvLHMCUNdmnxfQ,a.bar,1737 Walnut St,Philadelphia,PA,19103,39.9502708009,-75.1705138959,4.0,116,1,"{'NoiseLevel': ""u'average'"", 'RestaurantsAttire': ""u'casual'"", 'HasTV': 'False', 'RestaurantsReservations': 'True', 'GoodForDancing': 'False', 'GoodForKids': 'False', 'RestaurantsPriceRange2': '2', 'BusinessAcceptsCreditCards': 'True', 'BikeParking': 'True', 'RestaurantsGoodForGroups': 'False', 'BusinessParking': ""{'garage': False, 'street': False, 'validated': False, 'lot': False, 'valet': False}"", 'RestaurantsTakeOut': 'True', 'RestaurantsDelivery': 'True', 'Ambience': ""{'touristy': False, 'hipster': False, 'romantic': False, 'divey': False, 'intimate': False, 'trendy': True, 'upscale': False, 'classy': True, 'casual': False}"", 'WiFi': ""'free'"", 'Music': ""{'dj': False, 'background_music': False, 'no_music': False, 'jukebox': False, 'live': False, 'video': False, 'karaoke': False}"", 'GoodForMeal': ""{'dessert': False, 'latenight': False, 'lunch': False, 'dinner': False, 'brunch': False, 'breakfast': False}"", 'Caters': 'False', 'OutdoorSeating': 'True', 'Alcohol': ""u'full_bar'""}","Bars, Tapas Bars, Restaurants, American (Traditional), Cocktail Bars, Nightlife, Tapas/Small Plates","{'Monday': '17:0-22:0', 'Tuesday': '17:0-22:0', 'Wednesday': '17:0-1:0', 'Thursday': '17:0-1:0', 'Friday': '17:0-1:0', 'Saturday': '16:0-1:0', 'Sunday': '16:0-22:0'}",Restaurants
DSGHZnDLRbR9wk-u1trRUQ,16th Street Seafood,1542 Tasker St,Philadelphia,PA,19145,39.9307459,-75.1715522,4.0,7,1,"{'RestaurantsReservations': 'False', 'RestaurantsTakeOut': 'True', 'GoodForKids': 'False', 'RestaurantsGoodForGroups': 'False', 'OutdoorSeating': 'False', 'Ambience': ""{'touristy': False, 'hipster': False, 'romantic': False, 'divey': False, 'intimate': False, 'trendy': False, 'upscale': False, 'classy': False, 'casual': False}"", 'BusinessParking': ""{'garage': False, 'street': False, 'validated': False, 'lot': False, 'valet': False}"", 'RestaurantsDelivery': 'True', 'HasTV': 'True'}","Local Flavor, Restaurants, Specialty Food, Seafood Markets, Food, Seafood",,Restaurants
tOe1Pz28wXY3vUhc3uPBKQ,Cheers Cut,925 Arch St,Philadelphia,PA,19107,39.9538136,-75.1558378,3.5,49,0,"{'Caters': 'True', 'RestaurantsGoodForGroups': 'True', 'RestaurantsTakeOut': 'True', 'RestaurantsDelivery': 'False', 'NoiseLevel': ""u'average'"", 'RestaurantsAttire': ""'casual'"", 'BusinessParking': ""{'garage': False, 'street': True, 'validated': False, 'lot': False, 'valet': False}"", 'GoodForKids': 'True', 'Alcohol': ""'none'"", 'OutdoorSeating': 'False', 'BusinessAcceptsCreditCards': 'False', 'RestaurantsPriceRange2': '1', 'RestaurantsReservations': 'False', 'RestaurantsTableService': 'False', 'HasTV': 'True', 'BikeParking': 'True', 'GoodForMeal': ""{'dessert': False, 'latenight': False, 'lunch': True, 'dinner': True, 'brunch': False, 'breakfast': False}"", 'Ambience': ""{'touristy': False, 'hipster': True, 'romantic': False, 'divey': False, 'intimate': False, 'trendy': True, 'upscale': False, 'classy': False, 'casual': True}"", 'WiFi': ""'no'""}","Comfort Food, Taiwanese, Fast Food, Restaurants","{'Monday': '10:30-23:0', 'Tuesday': '10:30-23:0', 'Wednesday': '10:30-23:0', 'Thursday': '10:30-23:0', 'Friday': '10:30-0:0', 'Saturday': '10:30-0:0', 'Sunday': '10:30-23:0'}",Restaurants
115Vnqj_18yog_PWIV0JzA,Kibitz in the City,703 Chestnut St,Philadelphia,PA,19106,39.9495193,-75.152609,4.0,13,0,"{'Alcohol': ""u'none'"", 'RestaurantsTakeOut': 'True', 'RestaurantsPriceRange2': '2', 'RestaurantsGoodForGroups': 'True', 'RestaurantsDelivery': 'False', 'BusinessAcceptsCreditCards': 'True', 'BYOBCorkage': ""'no'"", 'OutdoorSeating': 'False', 'GoodForKids': 'True', 'RestaurantsAttire': ""'casual'"", 'RestaurantsReservations': 'False', 'BusinessParking': ""{'garage': False, 'street': True, 'validated': False, 'lot': False, 'valet': False}""}","Restaurants, Delis, Sandwiches",,Restaurants
uJxUDvRd89bHePJOD0-n3g,Cicala at the Divine Lorraine,699 N Broad St,Philadelphia,PA,19123,39.9666803,-75.160056,4.0,62,1,"{'RestaurantsTakeOut': 'True', 'NoiseLevel': ""u'average'"", 'Caters': 'True', 'OutdoorSeating': 'True', 'Ambience': ""{'touristy': False, 'hipster': False, 'romantic': False, 'divey': False, 'intimate': False, 'trendy': False, 'upscale': False, 'classy': True, 'casual': False}"", 'BYOB': 'True', 'RestaurantsGoodForGroups': 'True', 'Alcohol': ""u'full_bar'"", 'DogsAllowed': 'False', 'Corkage': 'True', 'WiFi': ""u'free'"", 'BusinessParking': ""{'garage': True, 'street': False, 'validated': False, 'lot': False, 'valet': False}"", 'GoodForMeal': ""{u'breakfast': None, u'brunch': None, u'lunch': None, u'dinner': True, u'latenight': None, u'dessert': None}"", 'BusinessAcceptsCreditCards': 'True', 'RestaurantsReservations': 'True', 'BikeParking': 'True', 'RestaurantsDelivery': 'True', 'WheelchairAccessible': 'True', 'HasTV': 'False', 'RestaurantsTableService': 'True'}","Italian, Breakfast & Brunch, Restaurants, Wine Bars, Nightlife, Bars","{'Wednesday': '17:0-22:0', 'Thursday': '17:0-22:0', 'Friday': '17:0-22:30', 'Saturday': '17:0-22:30', 'Sunday': '16:0-20:0'}",Restaurants
XQewVfTaosZ3U-4g_yH7Nw,Los Cuatro Soles,1801 S Chadwick St,Philadelphia,PA,19145,39.9284853,-75.173034668,4.5,39,1,"{'RestaurantsTableService': 'True', 'Alcohol': ""'none'"", 'Ambience': ""{'touristy': False, 'hipster': False, 'romantic': False, 'divey': False, 'intimate': False, 'trendy': False, 'upscale': False, 'classy': False, 'casual': False}"", 'GoodForMeal': ""{'dessert': False, 'latenight': False, 'lunch': False, 'dinner': False, 'brunch': False, 'breakfast': False}"", 'Caters': 'True', 'RestaurantsDelivery': 'True', 'RestaurantsTakeOut': 'True', 'HasTV': 'True', 'RestaurantsReservations': 'True', 'BikeParking': 'True', 'GoodForKids': 'True', 'RestaurantsGoodForGroups': 'True', 'BusinessAcceptsCreditCards': 'False', 'RestaurantsPriceRange2': '2', 'BusinessParking': ""{'garage': False, 'street': False, 'validated': False, 'lot': False, 'valet': False}"", 'RestaurantsAttire': ""u'casual'"", 'OutdoorSeating': 'None'}","Restaurants, Mexican","{'Monday': '11:0-22:0', 'Wednesday': '11:0-22:0', 'Thursday': '11:0-22:0', 'Friday': '11:0-22:0', 'Saturday': '11:0-22:0', 'Sunday': '11:0-22:0'}",Restaurants
edglJsudUEULkxm-rLtQbg,Brigantessa,1520 E Passyunk Ave,Philadelphia,PA,19147,39.930511,-75.162822,3.5,215,0,"{'BusinessParking': ""{'garage': False, 'street': True, 'validated': False, 'lot': False, 'valet': False}"", 'BikeParking': 'True', 'RestaurantsDelivery': 'False', 'GoodForDancing': 'False', 'OutdoorSeating': 'False', 'RestaurantsGoodForGroups': 'True', 'RestaurantsReservations': 'True', 'Caters': 'False', 'Alcohol': ""u'full_bar'"", 'GoodForKids': 'False', 'BestNights': ""{'monday': False, 'tuesday': False, 'friday': True, 'wednesday': False, 'thursday': True, 'sunday': False, 'saturday': True}"", 'NoiseLevel': ""u'average'"", 'Smoking': ""u'no'"", 'RestaurantsTableService': 'True', 'CoatCheck': 'False', 'GoodForMeal': ""{'dessert': False, 'latenight': False, 'lunch': False, 'dinner': True, 'brunch': False, 'breakfast': False}"", 'WiFi': ""'no'"", 'RestaurantsTakeOut': 'True', 'BusinessAcceptsCreditCards': 'True', 'HasTV': 'True', 'RestaurantsPriceRange2': '3', 'HappyHour': 'True', 'Music': ""{'dj': False, 'background_music': False, 'no_music': False, 'jukebox': False, 'live': False, 'video': False, 'karaoke': False}"", 'RestaurantsAttire': ""u'casual'"", 'Ambience': ""{'touristy': False, 'hipster': False, 'romantic': False, 'divey': False, 'intimate': False, 'trendy': False, 'upscale': False, 'classy': True, 'casual': True}""}","Italian, Bars, Nightlife, Restaurants, Pizza","{'Monday': '17:0-22:0', 'Tuesday': '17:0-22:0', 'Wednesday': '17:0-22:0', 'Thursday': '17:0-22:0', 'Friday': '17:0-22:30', 'Saturday': '15:0-22:30', 'Sunday': '17:0-22:0'}",Restaurants
eLAd1Jw-g1NKymBx1XPDoA,Stogie Joe's Tavern,1801 E Passyunk Ave,Philadelphia,PA,19148,39.927559,-75.166057,3.5,295,1,"{'RestaurantsPriceRange2': '2', 'BusinessAcceptsCreditCards': 'False', 'OutdoorSeating': 'True', 'BusinessParking': ""{'garage': False, 'street': True, 'validated': False, 'lot': False, 'valet': False}"", 'RestaurantsGoodForGroups': 'True', 'NoiseLevel': ""u'loud'"", 'Alcohol': ""u'full_bar'"", 'RestaurantsReservations': 'False', 'RestaurantsDelivery': 'True', 'HasTV': 'True', 'BestNights': ""{'monday': False, 'tuesday': False, 'friday': True, 'wednesday': False, 'thursday': False, 'sunday': True, 'saturday': True}"", 'Ambience': ""{'touristy': False, 'hipster': False, 'romantic': False, 'divey': None, 'intimate': False, 'trendy': False, 'upscale': False, 'classy': False, 'casual': True}"", 'RestaurantsTakeOut': 'True', 'GoodForDancing': 'False', 'WiFi': ""'no'"", 'BikeParking': 'True', 'Music': ""{'dj': False, 'background_music': False, 'no_music': False, 'jukebox': True, 'live': None, 'video': False, 'karaoke': None}""}","Burgers, Pasta Shops, Pizza, Pubs, Specialty Food, Restaurants, Food, Nightlife, American (New), Bars, Italian","{'Monday': '11:0-21:0', 'Tuesday': '11:0-21:0', 'Wednesday': '11:0-21:0', 'Thursday': '11:0-21:0', 'Friday': '11:0-22:0', 'Saturday': '11:0-22:0', 'Sunday': '12:0-21:0'}",Restaurants
n6FxuhBjD0c0VkpGhIDGeQ,Eat-A-Pita,128 S 12th St,Philadelphia,PA,19107,39.9493662,-75.1606882,4.0,139,0,"{'WiFi': ""u'no'"", 'BikeParking': 'True', 'BusinessParking': ""{'garage': True, 'street': True, 'validated': False, 'lot': False, 'valet': False}"", 'RestaurantsPriceRange2': '1', 'RestaurantsDelivery': 'True', 'BusinessAcceptsCreditCards': 'True', 'OutdoorSeating': 'False', 'GoodForKids': 'True', 'HasTV': 'False', 'RestaurantsGoodForGroups': 'True', 'RestaurantsTakeOut': 'True', 'Caters': 'True', 'RestaurantsAttire': ""u'casual'"", 'RestaurantsReservations': 'False', 'NoiseLevel': ""u'average'"", 'Alcohol': ""u'none'"", 'Ambience': ""{'romantic': False, 'intimate': False, 'touristy': False, 'hipster': False, 'divey': False, 'classy': False, 'trendy': False, 'upscale': False, 'casual': True}""}","Salad, Restaurants, Food Trucks, Food, American (New), American (Traditional)","{'Monday': '11:0-14:0', 'Tuesday': '11:0-14:0', 'Wednesday': '11:0-14:0', 'Thursday': '11:0-14:0', 'Friday': '11:0-14:0'}",Restaurants
gB9c_OMjvGrn36XjHArAUQ,LaScala's Pronto,1501 Spring Garden St,Philadelphia,PA,19130,39.962915699999996,-75.1631614,3.5,171,1,"{'BusinessAcceptsCreditCards': 'True', 'OutdoorSeating': 'False', 'NoiseLevel': ""u'average'"", 'Caters': 'True', 'Alcohol': ""u'none'"", 'BikeParking': 'True', 'RestaurantsAttire': ""u'casual'"", 'WiFi': ""'no'"", 'RestaurantsPriceRange2': '2', 'RestaurantsDelivery': 'True', 'HasTV': 'True', 'RestaurantsGoodForGroups': 'True', 'Ambience': ""{'romantic': False, 'intimate': False, 'touristy': False, 'hipster': False, 'divey': False, 'classy': False, 'trendy': False, 'upscale': False, 'casual': True}"", 'RestaurantsReservations': 'False', 'GoodForKids': 'True', 'GoodForMeal': ""{'dessert': False, 'latenight': False, 'lunch': True, 'dinner': True, 'brunch': False, 'breakfast': False}"", 'RestaurantsTakeOut': 'True', 'WheelchairAccessible': 'False', 'RestaurantsTableService': 'True', 'BusinessParking': ""{'garage': False, 'street': True, 'validated': False, 'lot': False, 'valet': False}""}","Salad, Italian, Pizza, Restaurants","{'Monday': '10:0-23:0', 'Tuesday': '10:0-23:0', 'Wednesday': '10:0-23:0', 'Thursday': '10:0-23:0', 'Friday': '10:0-23:0', 'Saturday': '10:0-23:0', 'Sunday': '10:0-23:0'}",Restaurants
EGWIM5Bw9T6_QnD2unbULg,Rittenhouse Row Spring Festival,18th St & Walnut St,Philadelphia,PA,19103,39.9496588223,-75.1674733311,4.0,11,1,"{'RestaurantsGoodForGroups': 'False', 'GoodForKids': 'True'}","Festivals, Restaurants, Local Flavor, Arts & Entertainment",,Restaurants
fhoqmnw5sXzj91-7yBW0Kw,Mugshots Coffeehouse & Cafe,2106 Fairmount Ave,Philadelphia,PA,19130,39.9672753,-75.1723717,3.0,197,0,"{'RestaurantsAttire': ""'casual'"", 'NoiseLevel': ""u'average'"", 'RestaurantsDelivery': 'False', 'GoodForKids': 'True', 'RestaurantsReservations': 'True', 'Corkage': 'False', 'OutdoorSeating': 'True', 'BusinessParking': ""{'garage': False, 'street': True, 'validated': False, 'lot': False, 'valet': False}"", 'RestaurantsTakeOut': 'True', 'BYOBCorkage': ""'yes_free'"", 'WiFi': ""'free'"", 'Caters': 'True', 'BusinessAcceptsCreditCards': 'True', 'HasTV': 'False', 'RestaurantsGoodForGroups': 'False', 'RestaurantsPriceRange2': '2', 'Ambience': ""{'romantic': False, 'intimate': False, 'touristy': False, 'hipster': True, 'divey': False, 'classy': False, 'trendy': False, 'upscale': False, 'casual': False}"", 'Alcohol': ""'none'""}","Vegetarian, Food, Coffee & Tea, Vegan, Sandwiches, Restaurants","{'Monday': '6:30-22:0', 'Tuesday': '6:30-22:0', 'Wednesday': '6:30-22:0', 'Thursday': '6:30-22:0', 'Friday': '6:30-22:0', 'Saturday': '7:0-22:0', 'Sunday': '7:0-20:0'}",Restaurants
7Ljrtr65Q7-uX2Nl4I_7Iw,Tea Magic,123 N 10th St,Philadelphia,PA,19107,39.9540079581,-75.1560426391,3.0,49,0,"{'BikeParking': 'True', 'BusinessAcceptsCreditCards': 'True', 'WiFi': ""u'free'"", 'OutdoorSeating': 'False', 'RestaurantsPriceRange2': '1', 'BusinessParking': ""{'garage': False, 'street': True, 'validated': False, 'lot': False, 'valet': False}""}","Restaurants, Bubble Tea, Coffee & Tea, Food, Chinese, Shanghainese, Tea Rooms","{'Monday': '11:0-0:0', 'Tuesday': '11:0-0:0', 'Wednesday': '11:0-0:0', 'Thursday': '11:0-0:0', 'Friday': '11:0-1:0', 'Saturday': '11:0-1:0', 'Sunday': '11:0-0:0'}",Restaurants
lLFv8caNBqZ_UmtvVGMBrQ,The Blue Anchor,401 S Christopher Columbus Blvd,Philadelphia,PA,19106,39.941663724,-75.141329895,3.0,6,1,"{'GoodForMeal': ""{'dessert': False, 'latenight': False, 'lunch': False, 'dinner': False, 'brunch': False, 'breakfast': False}"", 'RestaurantsReservations': 'False', 'WiFi': ""'free'"", 'RestaurantsTakeOut': 'True', 'OutdoorSeating': 'True', 'BusinessAcceptsCreditCards': 'True', 'GoodForKids': 'True', 'RestaurantsGoodForGroups': 'True', 'RestaurantsPriceRange2': '2', 'RestaurantsDelivery': 'False', 'RestaurantsAttire': ""u'casual'"", 'HasTV': 'True'}","Food Stands, Burgers, Restaurants",,Restaurants
5eldbLrF_oodWvu1VuEP8w,1925 Cocktail Lounge,111 S 17th St,Philadelphia,PA,19103,39.9510336,-75.1686696,2.5,47,0,"{'OutdoorSeating': 'False', 'BikeParking': 'False', 'Alcohol': ""u'full_bar'"", 'NoiseLevel': ""u'loud'"", 'GoodForDancing': 'True', 'CoatCheck': 'True', 'HappyHour': 'True', 'RestaurantsPriceRange2': '3', 'Smoking': ""u'no'"", 'Music': ""{'dj': False, 'background_music': True, 'no_music': False, 'jukebox': False, 'live': False, 'video': False, 'karaoke': False}"", 'HasTV': 'True', 'BestNights': ""{'monday': False, 'tuesday': False, 'friday': True, 'wednesday': False, 'thursday': True, 'sunday': False, 'saturday': True}"", 'BusinessAcceptsCreditCards': 'True', 'BusinessParking': ""{'garage': False, 'street': True, 'validated': False, 'lot': False, 'valet': True}"", 'Ambience': ""{'touristy': False, 'hipster': False, 'romantic': True, 'divey': False, 'intimate': False, 'trendy': False, 'upscale': False, 'classy': True, 'casual': False}"", 'WiFi': ""'no'"", 'WheelchairAccessible': 'True', 'RestaurantsDelivery': 'False', 'RestaurantsGoodForGroups': 'True', 'RestaurantsReservations': 'True', 'GoodForKids': 'False'}","Restaurants, Bars, Adult Entertainment, Lounges, American (New), Nightlife","{'Wednesday': '17:0-2:0', 'Thursday': '17:0-2:0', 'Friday': '17:0-2:0', 'Saturday': '21:0-2:0'}",Restaurants
9_ltcP8mvAVgZZqJNM5-6A,Chickie’s & Pete’s,28 N 11th St,Philadelphia,PA,19107,39.9524726878,-75.1578589408,3.0,7,1,{'HasTV': 'True'},"Restaurants, Fast Food, Seafood",,Restaurants
uflDYdHGrCawgr1JSQ7Ypw,HubBub Coffee,1717 Arch St,Philadelphia,PA,19103,39.9554088,-75.1690352,3.5,40,0,"{'BikeParking': 'True', 'RestaurantsPriceRange2': '1', 'OutdoorSeating': 'False', 'WiFi': ""u'free'"", 'BusinessAcceptsCreditCards': 'True', 'BusinessParking': ""{'garage': False, 'street': True, 'validated': False, 'lot': False, 'valet': False}"", 'Caters': 'True', 'RestaurantsReservations': 'False', 'Alcohol': ""'none'"", 'RestaurantsGoodForGroups': 'True', 'GoodForKids': 'True', 'HasTV': 'False', 'RestaurantsTakeOut': 'True', 'NoiseLevel': ""'quiet'"", 'RestaurantsAttire': ""'casual'"", 'RestaurantsDelivery': 'False'}","Internet Cafes, Restaurants, Event Planning & Services, Cafes, Coffee & Tea, Food, Caterers","{'Monday': '6:30-17:0', 'Tuesday': '6:30-17:0', 'Wednesday': '6:30-17:0', 'Thursday': '6:30-17:0', 'Friday': '6:30-17:0'}",Restaurants
eEKl9ZI-QB_p4XcNPXToHQ,Fratelli's Italian Bistro,1339 Chestnut St,Philadelphia,PA,19107,39.9509564,-75.1631382,3.0,172,0,"{'HasTV': 'True', 'RestaurantsTakeOut': 'True', 'RestaurantsDelivery': 'True', 'RestaurantsGoodForGroups': 'True', 'RestaurantsAttire': ""u'casual'"", 'WiFi': ""u'free'"", 'BikeParking': 'True', 'Ambience': ""{'romantic': False, 'intimate': False, 'classy': False, 'hipster': False, 'divey': False, 'touristy': False, 'trendy': False, 'upscale': False, 'casual': True}"", 'NoiseLevel': ""u'average'"", 'GoodForKids': 'True', 'OutdoorSeating': 'True', 'Alcohol': ""u'full_bar'"", 'BusinessParking': ""{'garage': False, 'street': False, 'validated': True, 'lot': False, 'valet': False}"", 'BusinessAcceptsCreditCards': 'True', 'RestaurantsPriceRange2': '2', 'RestaurantsReservations': 'True', 'HappyHour': 'True', 'Caters': 'True'}","Restaurants, Italian","{'Monday': '11:0-21:30', 'Tuesday': '11:0-22:0', 'Wednesday': '11:0-22:0', 'Thursday': '11:0-22:0', 'Friday': '11:0-22:30', 'Saturday': '11:0-22:30', 'Sunday': '12:0-20:0'}",Restaurants
W49fAQGBt9IgduhvqqRQ4Q,Cafe L'Aube,1631 Wallace St,Philadelphia,PA,19130,39.9658632,-75.1655485,4.0,120,0,"{'OutdoorSeating': 'True', 'RestaurantsPriceRange2': '2', 'WiFi': ""u'free'"", 'BusinessParking': ""{'garage': False, 'street': True, 'validated': False, 'lot': False, 'valet': False}"", 'NoiseLevel': ""u'quiet'"", 'HasTV': 'False', 'RestaurantsReservations': 'False', 'RestaurantsDelivery': 'False', 'RestaurantsTakeOut': 'True', 'BikeParking': 'True', 'Alcohol': ""u'none'"", 'RestaurantsAttire': ""u'casual'"", 'Caters': 'False', 'GoodForKids': 'True', 'BusinessAcceptsCreditCards': 'True', 'RestaurantsGoodForGroups': 'True', 'Ambience': ""{'romantic': False, 'intimate': False, 'touristy': False, 'hipster': False, 'divey': False, 'classy': False, 'trendy': False, 'upscale': False, 'casual': True}""}","Restaurants, Food, Coffee & Tea, Creperies, French",,Restaurants
2pLIQ0RHSmUbF0eIRT0LYg,Vintage Wine Bar,129 S 13th St,Philadelphia,PA,19107,39.9495566,-75.1617091,4.0,406,1,"{'BusinessAcceptsCreditCards': 'True', 'RestaurantsAttire': ""'casual'"", 'Alcohol': ""u'full_bar'"", 'GoodForKids': 'False', 'NoiseLevel': ""u'average'"", 'BusinessParking': ""{'garage': False, 'street': True, 'validated': False, 'lot': False, 'valet': False}"", 'BikeParking': 'True', 'RestaurantsGoodForGroups': 'True', 'RestaurantsDelivery': 'False', 'WheelchairAccessible': 'True', 'Caters': 'False', 'RestaurantsReservations': 'True', 'WiFi': ""'no'"", 'CoatCheck': 'False', 'Smoking': ""u'no'"", 'RestaurantsPriceRange2': '2', 'HappyHour': 'True', 'Music': ""{'dj': False, 'background_music': False, 'no_music': False, 'jukebox': False, 'live': False, 'video': False, 'karaoke': False}"", 'OutdoorSeating': 'True', 'RestaurantsTableService': 'True', 'BestNights': ""{'monday': False, 'tuesday': False, 'friday': True, 'wednesday': False, 'thursday': True, 'sunday': False, 'saturday': True}"", 'RestaurantsTakeOut': 'True', 'Ambience': ""{'touristy': False, 'hipster': False, 'romantic': False, 'divey': False, 'intimate': True, 'trendy': False, 'upscale': False, 'classy': True, 'casual': False}"", 'GoodForMeal': ""{'dessert': False, 'latenight': None, 'lunch': False, 'dinner': True, 'brunch': False, 'breakfast': False}"", 'HasTV': 'True', 'GoodForDancing': 'False'}","Wine Bars, Bars, Nightlife, French, Restaurants","{'Monday': '0:0-0:0', 'Tuesday': '16:0-0:0', 'Wednesday': '16:0-0:0', 'Thursday': '16:0-0:0', 'Friday': '16:0-1:0', 'Saturday': '16:0-1:0', 'Sunday': '16:0-0:0'}",Restaurants
z6sg3yLchXyZqUmanvECYw,Snap Kitchen,1901 Callowhill St,Philadelphia,PA,19130,39.9609219,-75.1706494,4.5,16,0,"{'BusinessAcceptsCreditCards': 'True', 'RestaurantsPriceRange2': '1', 'BusinessParking': ""{'garage': False, 'street': False, 'validated': False, 'lot': False, 'valet': False}"", 'RestaurantsAttire': ""'casual'"", 'OutdoorSeating': 'False', 'RestaurantsTakeOut': 'True', 'RestaurantsGoodForGroups': 'True', 'GoodForMeal': ""{'dessert': False, 'latenight': False, 'lunch': False, 'dinner': False, 'brunch': False, 'breakfast': False}"", 'HasTV': 'False', 'RestaurantsDelivery': 'True', 'RestaurantsReservations': 'False', 'DriveThru': 'False', 'GoodForKids': 'True', 'BikeParking': 'True'}","Food, Restaurants, Food Delivery Services, Health Markets, Specialty Food, Fast Food, Gluten-Free","{'Monday': '7:0-21:0', 'Tuesday': '7:0-21:0', 'Wednesday': '7:0-21:0', 'Thursday': '7:0-21:0', 'Friday': '7:0-20:0', 'Saturday': '9:0-20:0', 'Sunday': '9:0-21:0'}",Restaurants
xtEDyU98DnjqsCuV8apV6A,Lamberti Pizza and Market,707 Chestnut St,Philadelphia,PA,19106,39.9497346448,-75.1526048407,4.5,11,1,,"Sandwiches, Pizza, Restaurants, Italian",,Restaurants
LizaSXXtaPjbxGtwo_rw9Q,Gnocchi,613 E Passyunk Ave,Philadelphia,PA,19147,39.9413851,-75.1503311,4.0,260,1,"{'Caters': 'False', 'RestaurantsGoodForGroups': 'True', 'RestaurantsAttire': ""'casual'"", 'GoodForKids': 'False', 'BusinessAcceptsCreditCards': 'False', 'Alcohol': ""'none'"", 'NoiseLevel': ""u'average'"", 'RestaurantsReservations': 'True', 'BYOBCorkage': ""'yes_free'"", 'RestaurantsPriceRange2': '2', 'BusinessParking': ""{'garage': False, 'street': True, 'validated': False, 'lot': False, 'valet': False}"", 'WiFi': ""u'no'"", 'RestaurantsTakeOut': 'True', 'HasTV': 'False', 'Ambience': ""{'touristy': False, 'hipster': False, 'romantic': None, 'divey': False, 'intimate': True, 'trendy': False, 'upscale': False, 'classy': False, 'casual': None}"", 'BikeParking': 'True', 'OutdoorSeating': 'True', 'GoodForMeal': ""{'dessert': None, 'latenight': False, 'lunch': False, 'dinner': True, 'brunch': False, 'breakfast': False}"", 'RestaurantsDelivery': 'True'}","Italian, Restaurants","{'Tuesday': '17:0-22:0', 'Wednesday': '17:0-22:0', 'Thursday': '17:0-22:0', 'Friday': '12:0-23:0', 'Saturday': '17:0-23:0', 'Sunday': '14:0-21:0'}",Restaurants
B1lxejaxLL1lCG-syTBQPQ,Yello'bar,2425 Grays Ferry Ave,Philadelphia,PA,19146,39.9428857,-75.1832223,3.0,10,0,"{'OutdoorSeating': 'True', 'GoodForKids': 'True', 'BYOBCorkage': ""'yes_free'"", 'Alcohol': ""u'full_bar'"", 'RestaurantsGoodForGroups': 'True', 'BusinessParking': ""{'garage': False, 'street': False, 'validated': False, 'lot': False, 'valet': False}"", 'BusinessAcceptsCreditCards': 'True', 'RestaurantsDelivery': 'False', 'RestaurantsTakeOut': 'False', 'RestaurantsReservations': 'False', 'RestaurantsAttire': ""'casual'"", 'Corkage': 'False', 'RestaurantsPriceRange2': '2', 'HappyHour': 'True'}","Restaurants, Beer, Wine & Spirits, American (New), Pubs, Nightlife, Bars, Food, Irish",,Restaurants
p9z15n352EvWo_PLjRKsUw,Red Sky,224 Market St,Philadelphia,PA,19106,39.9499245,-75.1446213,2.0,5,0,"{'RestaurantsTakeOut': 'True', 'RestaurantsPriceRange2': '1', 'BusinessAcceptsCreditCards': 'True', 'RestaurantsAttire': ""'casual'"", 'GoodForKids': 'False', 'RestaurantsGoodForGroups': 'True', 'HappyHour': 'True'}","Lounges, American (New), Dance Clubs, Nightlife, Restaurants, Bars","{'Monday': '16:0-0:0', 'Tuesday': '11:30-2:0', 'Wednesday': '11:30-2:0', 'Thursday': '11:30-2:0', 'Friday': '11:30-2:0', 'Saturday': '14:0-2:0', 'Sunday': '11:30-21:0'}",Restaurants
j99PtxlKTW_u5alE4jiqHQ,Ralphs Italian Restaurant,760 S 9th St,Philadelphia,PA,19147,39.9400584,-75.1578655,3.5,653,1,"{'RestaurantsReservations': 'True', 'Caters': 'True', 'Alcohol': ""u'full_bar'"", 'NoiseLevel': ""u'average'"", 'WiFi': ""u'no'"", 'RestaurantsPriceRange2': '2', 'GoodForKids': 'True', 'RestaurantsTakeOut': 'True', 'RestaurantsGoodForGroups': 'True', 'OutdoorSeating': 'False', 'RestaurantsAttire': ""'casual'"", 'BusinessAcceptsCreditCards': 'True', 'HasTV': 'True', 'BusinessParking': ""{'garage': False, 'street': True, 'validated': False, 'lot': False, 'valet': True}"", 'Ambience': ""{'touristy': False, 'hipster': False, 'romantic': None, 'divey': False, 'intimate': None, 'trendy': False, 'upscale': False, 'classy': True, 'casual': True}"", 'GoodForMeal': ""{'dessert': None, 'latenight': False, 'lunch': None, 'dinner': True, 'brunch': False, 'breakfast': False}"", 'RestaurantsDelivery': 'True', 'DogsAllowed': 'False', 'BikeParking': 'True'}","Restaurants, Italian","{'Monday': '16:0-20:30', 'Tuesday': '16:0-20:30', 'Wednesday': '16:0-20:30', 'Thursday': '16:0-20:30', 'Friday': '16:0-21:0', 'Saturday': '13:0-21:0', 'Sunday': '13:0-20:30'}",Restaurants
NbOWECn3ilz4gWL6dm5P6g,Frieda,320 Walnut St,Philadelphia,PA,19106,39.947101388,-75.1471829933,4.5,193,1,"{'Alcohol': ""'none'"", 'RestaurantsGoodForGroups': 'True', 'DogsAllowed': 'False', 'WiFi': ""'paid'"", 'BusinessParking': ""{'garage': None, 'street': True, 'validated': None, 'lot': False, 'valet': False}"", 'HasTV': 'True', 'RestaurantsTakeOut': 'True', 'NoiseLevel': ""u'quiet'"", 'RestaurantsTableService': 'True', 'GoodForMeal': ""{'dessert': False, 'latenight': False, 'lunch': True, 'dinner': False, 'brunch': True, 'breakfast': True}"", 'RestaurantsAttire': ""'casual'"", 'Ambience': ""{'touristy': False, 'hipster': False, 'romantic': False, 'divey': False, 'intimate': False, 'trendy': False, 'upscale': False, 'classy': True, 'casual': True}"", 'RestaurantsReservations': 'False', 'OutdoorSeating': 'True', 'RestaurantsPriceRange2': '2', 'BikeParking': 'False', 'RestaurantsDelivery': 'None', 'GoodForKids': 'True', 'BusinessAcceptsCreditCards': 'True'}","Cafes, Restaurants, Breakfast & Brunch, Coffee & Tea, Food, Bakeries, Modern European","{'Monday': '8:0-15:0', 'Tuesday': '8:0-15:0', 'Wednesday': '8:0-15:0', 'Thursday': '8:0-15:0', 'Friday': '8:0-15:0', 'Saturday': '9:0-15:0', 'Sunday': '9:0-15:0'}",Restaurants
h7TO_IsmLCYmKKDVOOIeFw,Fat Salmon,719 Walnut St,Philadelphia,PA,19106,39.9481318,-75.153395,4.5,1089,1,"{'GoodForKids': 'False', 'RestaurantsReservations': 'True', 'RestaurantsTakeOut': 'True', 'RestaurantsAttire': ""u'casual'"", 'Caters': 'False', 'BusinessAcceptsCreditCards': 'True', 'RestaurantsPriceRange2': '2', 'WiFi': ""u'no'"", 'Alcohol': ""u'full_bar'"", 'BikeParking': 'True', 'HasTV': 'False', 'NoiseLevel': ""u'average'"", 'RestaurantsGoodForGroups': 'True', 'BYOBCorkage': ""'yes_free'"", 'BusinessParking': ""{'garage': False, 'street': True, 'validated': False, 'lot': False, 'valet': False}"", 'RestaurantsTableService': 'True', 'BusinessAcceptsBitcoin': 'False', 'GoodForMeal': ""{'dessert': False, 'latenight': False, 'lunch': None, 'dinner': True, 'brunch': False, 'breakfast': False}"", 'WheelchairAccessible': 'True', 'DogsAllowed': 'False', 'OutdoorSeating': 'False', 'Ambience': ""{'touristy': False, 'hipster': False, 'romantic': False, 'divey': False, 'intimate': False, 'trendy': True, 'upscale': False, 'classy': True, 'casual': False}"", 'BYOB': 'False', 'RestaurantsDelivery': 'True', 'HappyHour': 'False'}","Restaurants, Sushi Bars, Japanese","{'Monday': '16:0-21:30', 'Tuesday': '16:0-21:30', 'Wednesday': '16:0-21:30', 'Thursday': '16:0-21:30', 'Friday': '16:0-21:30', 'Saturday': '16:0-21:30', 'Sunday': '16:0-21:30'}",Restaurants
lra3ButUZm7ZymM1YSnkWA,Dunkin',1038 Arch St,Philadelphia,PA,19107,39.9536961259,-75.1578691698,3.0,9,1,"{'WiFi': ""'free'"", 'BusinessAcceptsCreditCards': 'True', 'RestaurantsPriceRange2': '1', 'BikeParking': 'True', 'RestaurantsReservations': 'False', 'RestaurantsGoodForGroups': 'False', 'GoodForKids': 'False', 'DriveThru': 'None', 'RestaurantsDelivery': 'True', 'OutdoorSeating': 'False', 'BusinessParking': ""{'garage': None, 'street': None, 'validated': None, 'lot': False, 'valet': False}"", 'RestaurantsTakeOut': 'True'}","Sandwiches, Donuts, Food, Cafes, Coffee & Tea, Restaurants","{'Monday': '5:0-23:0', 'Tuesday': '5:0-23:0', 'Wednesday': '5:0-23:0', 'Thursday': '5:0-23:0', 'Friday': '5:0-23:0', 'Saturday': '5:0-23:0', 'Sunday': '5:0-23:0'}",Restaurants
Luc4Zxqua--lv9SLErxuWA,Raindrop Cafe,1900 Market St,Philadelphia,PA,19103,39.9531104,-75.1724552,4.0,29,0,"{'HasTV': 'True', 'GoodForKids': 'True', 'BikeParking': 'False', 'OutdoorSeating': 'False', 'RestaurantsTakeOut': 'True', 'RestaurantsGoodForGroups': 'False', 'RestaurantsDelivery': 'False', 'WiFi': ""u'no'"", 'Alcohol': ""u'none'"", 'RestaurantsReservations': 'False', 'RestaurantsAttire': ""'casual'"", 'Ambience': ""{'romantic': False, 'intimate': False, 'touristy': False, 'hipster': False, 'divey': False, 'classy': False, 'trendy': False, 'upscale': False, 'casual': False}"", 'BusinessAcceptsCreditCards': 'True', 'RestaurantsPriceRange2': '1', 'BusinessParking': ""{'garage': False, 'street': True, 'validated': False, 'lot': False, 'valet': False}"", 'NoiseLevel': ""u'average'""}","Restaurants, Food, Coffee & Tea, Juice Bars & Smoothies, Sandwiches","{'Monday': '7:0-17:0', 'Tuesday': '7:0-17:0', 'Wednesday': '7:0-17:0', 'Thursday': '7:0-17:0', 'Friday': '7:0-17:0'}",Restaurants
9y_0_oMDt9R5n2lDcWQv3A,Torch-Wood Cafe,303 N 3rd St,Philadelphia,PA,19106,39.955985,-75.1443256,4.5,103,1,"{'BusinessParking': ""{'garage': False, 'street': True, 'validated': False, 'lot': False, 'valet': False}"", 'BusinessAcceptsCreditCards': 'True', 'RestaurantsPriceRange2': '1', 'RestaurantsTakeOut': 'True', 'BikeParking': 'True', 'WiFi': ""u'free'"", 'RestaurantsDelivery': 'True'}","Grocery, Food, Convenience Stores, Sandwiches, Cafes, Restaurants","{'Monday': '8:0-17:0', 'Tuesday': '8:0-17:0', 'Wednesday': '8:0-17:0', 'Thursday': '8:0-17:0', 'Friday': '8:0-15:0', 'Saturday': '8:0-15:0'}",Restaurants
7lwe7n-Yc-V9E_HfLAeylg,Pub & Kitchen,1946 Lombard St,Philadelphia,PA,19146,39.9456566,-75.1747733,3.5,615,1,"{'RestaurantsGoodForGroups': 'True', 'WiFi': ""u'no'"", 'RestaurantsPriceRange2': '2', 'Alcohol': ""u'full_bar'"", 'OutdoorSeating': 'True', 'HasTV': 'True', 'BusinessAcceptsCreditCards': 'True', 'RestaurantsAttire': ""u'casual'"", 'RestaurantsTakeOut': 'True', 'CoatCheck': 'False', 'GoodForKids': 'False', 'BikeParking': 'True', 'NoiseLevel': ""u'average'"", 'HappyHour': 'True', 'RestaurantsReservations': 'True', 'Music': ""{'dj': False, 'background_music': False, 'no_music': False, 'jukebox': False, 'live': False, 'video': False, 'karaoke': False}"", 'Ambience': ""{'touristy': False, 'hipster': False, 'romantic': False, 'divey': False, 'intimate': False, 'trendy': False, 'upscale': False, 'classy': True, 'casual': True}"", 'GoodForMeal': ""{'dessert': False, 'latenight': None, 'lunch': None, 'dinner': True, 'brunch': None, 'breakfast': False}"", 'RestaurantsDelivery': 'True', 'Smoking': ""u'no'"", 'BusinessParking': ""{'garage': False, 'street': True, 'validated': False, 'lot': True, 'valet': False}"", 'RestaurantsTableService': 'True', 'Caters': 'False', 'BestNights': ""{'monday': False, 'tuesday': False, 'friday': True, 'wednesday': False, 'thursday': True, 'sunday': False, 'saturday': True}""}","Restaurants, Pubs, Food, Bars, American (New), Nightlife","{'Monday': '16:0-0:0', 'Tuesday': '16:0-0:0', 'Wednesday': '16:0-0:0', 'Thursday': '16:0-0:0', 'Friday': '16:0-0:0', 'Saturday': '11:0-0:0', 'Sunday': '11:0-0:0'}",Restaurants
YnKBXCCp2bORMz3pKqqMkQ,Chef Big Rube's Kitchen,1308 W Girard Ave,Philadelphia,PA,19123,39.970671,-75.1578547,3.5,15,1,"{'RestaurantsTakeOut': 'True', 'RestaurantsDelivery': 'True'}","Food Delivery Services, Soul Food, Burgers, Chicken Wings, Restaurants, Food, Chicken Shop","{'Monday': '9:0-23:0', 'Tuesday': '9:0-23:0', 'Wednesday': '9:0-23:0', 'Thursday': '9:0-23:0', 'Friday': '9:0-2:0', 'Saturday': '9:0-2:0', 'Sunday': '9:0-23:0'}",Restaurants
RVLF2RaStLkJiQCqBHknDw,Mom Mom's Kitchen and Polish Food Cart,1505 South St,Philadelphia,PA,19146,39.9439859,-75.167449,5.0,91,1,"{'Caters': 'True', 'RestaurantsGoodForGroups': 'True', 'RestaurantsTakeOut': 'True', 'BusinessAcceptsCreditCards': 'True', 'RestaurantsReservations': 'True', 'WiFi': ""u'no'"", 'RestaurantsDelivery': 'True', 'GoodForKids': 'True', 'HasTV': 'False', 'RestaurantsPriceRange2': '1', 'NoiseLevel': ""u'quiet'"", 'Alcohol': ""u'none'"", 'BikeParking': 'True', 'RestaurantsTableService': 'True', 'OutdoorSeating': 'True', 'Ambience': ""{'touristy': False, 'hipster': False, 'romantic': False, 'divey': False, 'intimate': False, 'trendy': False, 'upscale': False, 'classy': False, 'casual': False}"", 'GoodForMeal': ""{'dessert': False, 'latenight': False, 'lunch': True, 'dinner': False, 'brunch': False, 'breakfast': False}"", 'BusinessParking': ""{'garage': False, 'street': True, 'validated': False, 'lot': False, 'valet': False}"", 'RestaurantsAttire': ""u'casual'"", 'WheelchairAccessible': 'True'}","Food, Polish, Food Trucks, Street Vendors, Restaurants","{'Monday': '0:0-0:0', 'Wednesday': '11:0-18:0', 'Thursday': '16:0-22:0', 'Friday': '16:0-22:0', 'Saturday': '11:0-22:0'}",Restaurants
NUExM8_IQMh1csfeWs3PyQ,Hi Kori,1016 Race St,Philadelphia,PA,19107,39.9552705,-75.1566243,4.5,50,1,"{'HappyHour': 'True', 'GoodForDancing': 'False', 'RestaurantsTakeOut': 'True', 'BusinessAcceptsCreditCards': 'True', 'RestaurantsGoodForGroups': 'False', 'OutdoorSeating': 'False', 'GoodForKids': 'True', 'BestNights': ""{'monday': False, 'tuesday': False, 'friday': True, 'wednesday': False, 'thursday': False, 'sunday': False, 'saturday': False}"", 'RestaurantsPriceRange2': '2', 'CoatCheck': 'False', 'RestaurantsReservations': 'False', 'NoiseLevel': ""u'average'"", 'GoodForMeal': ""{'dessert': False, 'latenight': False, 'lunch': False, 'dinner': True, 'brunch': False, 'breakfast': False}"", 'Ambience': ""{'touristy': False, 'hipster': False, 'romantic': False, 'divey': False, 'intimate': False, 'trendy': False, 'upscale': False, 'classy': False, 'casual': True}"", 'Alcohol': ""u'full_bar'"", 'BusinessParking': ""{'garage': False, 'street': True, 'validated': False, 'lot': False, 'valet': False}"", 'HasTV': 'True', 'RestaurantsDelivery': 'True', 'Music': 'None'}","Bars, Japanese, Restaurants, Nightlife","{'Monday': '11:0-2:0', 'Tuesday': '11:0-2:0', 'Wednesday': '11:0-2:0', 'Thursday': '11:0-2:0', 'Friday': '11:0-3:0', 'Saturday': '11:0-3:0', 'Sunday': '11:0-1:0'}",Restaurants
Qt_gJJ0BmFB1lwfp1XS-sw,Giuseppe's Market at Samuels and Son Seafood,3400 S Lawrence St,Philadelphia,PA,19148,39.9049727,-75.1588247,4.0,17,1,"{'RestaurantsDelivery': 'True', 'RestaurantsGoodForGroups': 'False', 'BusinessAcceptsCreditCards': 'True', 'BikeParking': 'True', 'Caters': 'False', 'RestaurantsPriceRange2': '3', 'GoodForKids': 'False', 'OutdoorSeating': 'False', 'WiFi': ""'no'"", 'Alcohol': ""'none'"", 'RestaurantsReservations': 'False', 'NoiseLevel': ""'average'"", 'Ambience': ""{'romantic': False, 'intimate': False, 'classy': False, 'hipster': False, 'divey': False, 'touristy': False, 'trendy': False, 'upscale': False, 'casual': False}"", 'RestaurantsTakeOut': 'True', 'BusinessParking': 'None', 'HasTV': 'True', 'RestaurantsAttire': ""'casual'""}","Restaurants, Seafood Markets, Food, Specialty Food, Seafood","{'Monday': '6:0-15:0', 'Tuesday': '6:0-15:0', 'Wednesday': '6:0-15:0', 'Thursday': '6:0-15:0', 'Friday': '6:0-15:0', 'Saturday': '6:0-14:0'}",Restaurants
r_oscENLKdrF2KNyWP4oow,Di Bruno Bros.,834 Chestnut St,Philadelphia,PA,19107,39.9491548072,-75.1555580299,4.0,105,1,"{'RestaurantsAttire': ""'casual'"", 'RestaurantsPriceRange2': '2', 'HasTV': 'False', 'RestaurantsGoodForGroups': 'True', 'BikeParking': 'True', 'BusinessAcceptsCreditCards': 'True', 'Alcohol': ""'beer_and_wine'"", 'RestaurantsTakeOut': 'True', 'BusinessParking': ""{'garage': False, 'street': True, 'validated': False, 'lot': False, 'valet': False}"", 'NoiseLevel': ""u'average'"", 'GoodForKids': 'False', 'DogsAllowed': 'False', 'WiFi': ""'free'"", 'Ambience': ""{'touristy': False, 'hipster': True, 'romantic': False, 'divey': False, 'intimate': False, 'trendy': False, 'upscale': False, 'classy': False, 'casual': False}"", 'Caters': 'True', 'RestaurantsReservations': 'False', 'OutdoorSeating': 'True', 'RestaurantsDelivery': 'True'}","Specialty Food, American (New), Food, Beer Bar, Cheese Shops, Bars, Nightlife, Restaurants, Coffee & Tea, Meat Shops","{'Monday': '0:0-0:0', 'Tuesday': '7:0-20:0', 'Wednesday': '7:0-20:0', 'Thursday': '7:0-20:0', 'Friday': '7:0-20:0', 'Saturday': '8:0-19:0', 'Sunday': '8:0-18:0'}",Restaurants
FFHTUPo0QTSIylLCCe27ig,Cucina Maria,768 S 8th St,Philadelphia,PA,19147,39.9397045222,-75.1562596858,4.5,8,1,"{'RestaurantsTakeOut': 'True', 'RestaurantsDelivery': 'True'}","Restaurants, Italian, Seafood","{'Tuesday': '11:0-22:0', 'Wednesday': '11:0-22:0', 'Thursday': '11:0-22:0', 'Friday': '11:0-23:0', 'Saturday': '11:0-23:0', 'Sunday': '11:0-22:0'}",Restaurants
MF5-JPr0auUkY_WLTTVUaA,Tacodelphia,427 S Broad St,Philadelphia,PA,19147,39.9448608451,-75.1652079004,4.0,240,1,"{'WheelchairAccessible': 'True', 'GoodForMeal': ""{'dessert': False, 'latenight': None, 'lunch': True, 'dinner': True, 'brunch': None, 'breakfast': None}"", 'NoiseLevel': ""'average'"", 'BusinessParking': ""{'garage': False, 'street': True, 'validated': False, 'lot': True, 'valet': False}"", 'RestaurantsDelivery': 'True', 'Caters': 'True', 'BusinessAcceptsBitcoin': 'False', 'RestaurantsTableService': 'False', 'WiFi': ""u'free'"", 'RestaurantsAttire': ""'casual'"", 'RestaurantsPriceRange2': '1', 'DriveThru': 'False', 'HasTV': 'False', 'RestaurantsTakeOut': 'True', 'GoodForKids': 'True', 'Ambience': ""{u'divey': False, u'hipster': None, u'casual': True, u'touristy': False, u'trendy': True, u'intimate': False, u'romantic': False, u'classy': False, u'upscale': False}"", 'Alcohol': ""u'none'"", 'DogsAllowed': 'True', 'RestaurantsReservations': 'False', 'BusinessAcceptsCreditCards': 'True', 'BikeParking': 'False', 'OutdoorSeating': 'False', 'HappyHour': 'False', 'RestaurantsGoodForGroups': 'True'}","New Mexican Cuisine, Mexican, Tex-Mex, Tacos, Restaurants","{'Monday': '0:0-0:0', 'Tuesday': '11:0-23:0', 'Wednesday': '11:0-23:0', 'Thursday': '11:0-23:0', 'Friday': '11:0-23:0', 'Saturday': '12:0-23:0', 'Sunday': '12:0-23:0'}",Restaurants
paNYNJ-VFDgwLY201IrXCQ,Sakana Omakasè Sushi,"616 S 2nd St, Fl 1",Philadelphia,PA,19147,39.9406940077,-75.1459503023,4.5,157,1,"{'BYOB': 'True', 'Alcohol': ""u'none'"", 'RestaurantsReservations': 'True', 'NoiseLevel': ""u'quiet'"", 'BusinessParking': ""{'garage': False, 'street': True, 'validated': False, 'lot': False, 'valet': False}"", 'DogsAllowed': 'False', 'WheelchairAccessible': 'True', 'RestaurantsTableService': 'True', 'HasTV': 'False', 'Caters': 'False', 'Ambience': ""{'touristy': False, 'hipster': False, 'romantic': False, 'divey': False, 'intimate': False, 'trendy': False, 'upscale': False, 'classy': True, 'casual': False}"", 'GoodForKids': 'False', 'BusinessAcceptsCreditCards': 'True', 'WiFi': ""u'no'"", 'BikeParking': 'True', 'RestaurantsAttire': ""u'casual'"", 'HappyHour': 'False', 'RestaurantsGoodForGroups': 'False', 'OutdoorSeating': 'False', 'RestaurantsTakeOut': 'True', 'RestaurantsDelivery': 'True', 'GoodForMeal': ""{'dessert': None, 'latenight': None, 'lunch': None, 'dinner': True, 'brunch': None, 'breakfast': None}"", 'Corkage': 'True'}","Sushi Bars, Japanese, Restaurants","{'Monday': '0:0-0:0', 'Tuesday': '18:0-23:0', 'Wednesday': '18:0-23:0', 'Thursday': '18:0-23:0', 'Friday': '17:30-0:0', 'Saturday': '17:30-0:0'}",Restaurants
9Mm9xvLfiI72E3Inhmn82g,Elephant & Castle,1800 Market St,Philadelphia,PA,19103,39.9528337,-75.1703455,2.5,75,0,"{'RestaurantsGoodForGroups': 'True', 'RestaurantsReservations': 'True', 'Alcohol': ""'full_bar'"", 'RestaurantsTakeOut': 'True', 'WiFi': ""u'no'"", 'Caters': 'False', 'RestaurantsPriceRange2': '2', 'BusinessAcceptsCreditCards': 'True', 'GoodForKids': 'True', 'BusinessParking': ""{'garage': False, 'street': True, 'validated': False, 'lot': False, 'valet': False}"", 'RestaurantsDelivery': 'False', 'Ambience': ""{'romantic': False, 'intimate': False, 'touristy': False, 'hipster': False, 'divey': False, 'classy': False, 'trendy': False, 'upscale': False, 'casual': True}"", 'RestaurantsAttire': ""'casual'"", 'HasTV': 'True', 'NoiseLevel': ""u'average'"", 'OutdoorSeating': 'True', 'RestaurantsTableService': 'True', 'HappyHour': 'True', 'GoodForMeal': ""{'dessert': False, 'latenight': False, 'lunch': False, 'dinner': True, 'brunch': False, 'breakfast': False}""}","American (Traditional), Nightlife, Pubs, Restaurants, Bars, British","{'Monday': '6:30-2:0', 'Tuesday': '6:30-2:0', 'Wednesday': '6:30-2:0', 'Thursday': '6:30-2:0', 'Friday': '6:30-2:0', 'Saturday': '7:0-2:0', 'Sunday': '7:0-2:0'}",Restaurants
U5_T9hDfdYFWS8ahj_1Dvw,Just Salad,1729 Chestnut St,Philadelphia,PA,19103,39.9517524,-75.1698373,3.5,133,1,"{'RestaurantsTakeOut': 'True', 'WiFi': ""u'no'"", 'BikeParking': 'True', 'RestaurantsGoodForGroups': 'True', 'BusinessAcceptsCreditCards': 'True', 'Caters': 'True', 'NoiseLevel': ""u'quiet'"", 'RestaurantsDelivery': 'True', 'HasTV': 'True', 'GoodForKids': 'True', 'RestaurantsAttire': ""'casual'"", 'OutdoorSeating': 'True', 'RestaurantsReservations': 'False', 'Alcohol': ""u'none'"", 'GoodForMeal': ""{'dessert': False, 'latenight': False, 'lunch': True, 'dinner': False, 'brunch': False, 'breakfast': False}"", 'WheelchairAccessible': 'True', 'RestaurantsPriceRange2': '1', 'RestaurantsTableService': 'False', 'BusinessAcceptsBitcoin': 'False', 'DogsAllowed': 'False', 'Ambience': ""{'touristy': False, 'hipster': False, 'romantic': False, 'divey': False, 'intimate': False, 'trendy': True, 'upscale': False, 'classy': False, 'casual': True}"", 'BusinessParking': ""{'garage': False, 'street': True, 'validated': False, 'lot': False, 'valet': False}""}","Food, Vegetarian, Juice Bars & Smoothies, Wraps, Restaurants, Salad","{'Monday': '0:0-0:0', 'Tuesday': '10:30-19:0', 'Wednesday': '10:30-19:0', 'Thursday': '10:30-19:0', 'Friday': '10:30-19:0'}",Restaurants
CpBuc0aSueBpTXce3fJoRQ,Fiore Fine Foods,757 S Front St,Philadelphia,PA,19147,39.938608,-75.144302,4.5,89,1,"{'Ambience': ""{'touristy': False, 'hipster': False, 'romantic': False, 'divey': False, 'intimate': False, 'trendy': False, 'upscale': False, 'classy': True, 'casual': False}"", 'DogsAllowed': 'True', 'WheelchairAccessible': 'True', 'BusinessParking': ""{'garage': False, 'street': True, 'validated': False, 'lot': False, 'valet': False}"", 'RestaurantsTakeOut': 'True', 'WiFi': ""u'free'"", 'HappyHour': 'True', 'RestaurantsTableService': 'True', 'HasTV': 'False', 'BikeParking': 'False', 'Alcohol': ""u'full_bar'"", 'GoodForMeal': ""{'dessert': False, 'latenight': False, 'lunch': False, 'dinner': False, 'brunch': False, 'breakfast': False}"", 'BusinessAcceptsBitcoin': 'False', 'RestaurantsReservations': 'True', 'BusinessAcceptsCreditCards': 'True', 'OutdoorSeating': 'True', 'NoiseLevel': ""u'average'"", 'Caters': 'False', 'RestaurantsDelivery': 'False'}","Restaurants, Food, Pizza, Cafes, Bakeries, Desserts, Breakfast & Brunch, American (New), Italian, Coffee & Tea","{'Wednesday': '17:0-20:30', 'Thursday': '17:0-20:30', 'Friday': '17:0-20:30', 'Saturday': '8:0-15:0', 'Sunday': '10:0-13:0'}",Restaurants
nIAbuktMEzVjT4P9pG89rQ,Buddakan,325 Chestnut St,Philadelphia,PA,19106,39.9489186,-75.1471667,4.0,1561,1,"{'BusinessAcceptsCreditCards': 'True', 'GoodForKids': 'False', 'Corkage': 'True', 'Caters': 'False', 'RestaurantsPriceRange2': '3', 'RestaurantsGoodForGroups': 'True', 'WiFi': ""u'no'"", 'RestaurantsReservations': 'True', 'BusinessParking': ""{'garage': False, 'street': True, 'validated': False, 'lot': False, 'valet': False}"", 'Alcohol': ""'full_bar'"", 'BikeParking': 'True', 'BYOBCorkage': ""'yes_corkage'"", 'RestaurantsAttire': ""'dressy'"", 'BYOB': 'False', 'RestaurantsTakeOut': 'True', 'Ambience': ""{'touristy': False, 'hipster': False, 'romantic': False, 'divey': False, 'intimate': False, 'trendy': True, 'upscale': False, 'classy': True, 'casual': False}"", 'RestaurantsCounterService': 'True', 'RestaurantsDelivery': 'True', 'HasTV': 'False', 'WheelchairAccessible': 'True', 'HappyHour': 'True', 'GoodForMeal': ""{'dessert': None, 'latenight': False, 'lunch': False, 'dinner': True, 'brunch': False, 'breakfast': False}"", 'DogsAllowed': 'False', 'RestaurantsTableService': 'True', 'OutdoorSeating': 'True', 'NoiseLevel': ""u'loud'""}","Restaurants, Asian Fusion, Chinese","{'Monday': '17:0-22:0', 'Tuesday': '17:0-22:0', 'Wednesday': '17:0-22:0', 'Thursday': '17:0-22:0', 'Friday': '16:0-21:0', 'Saturday': '16:0-20:0', 'Sunday': '16:0-21:0'}",Restaurants
k2LRL37Ubi9DcHbhsIeUbA,Ulana's,205 Bainbridge St,Philadelphia,PA,19147,39.9404983,-75.1462159,2.5,10,1,"{'RestaurantsTakeOut': 'False', 'OutdoorSeating': 'False', 'GoodForKids': 'False', 'Alcohol': ""u'full_bar'"", 'RestaurantsDelivery': 'False', 'Caters': 'False', 'RestaurantsReservations': 'False', 'BusinessParking': ""{'garage': False, 'street': False, 'validated': False, 'lot': False, 'valet': False}"", 'RestaurantsGoodForGroups': 'True', 'BusinessAcceptsCreditCards': 'False', 'NoiseLevel': ""u'very_loud'"", 'RestaurantsPriceRange2': '2', 'RestaurantsAttire': ""u'casual'"", 'BikeParking': 'True', 'Ambience': ""{'romantic': False, 'intimate': False, 'touristy': False, 'hipster': False, 'divey': False, 'classy': False, 'trendy': False, 'upscale': False, 'casual': False}"", 'HasTV': 'True'}","Nightlife, American (New), Restaurants, Dance Clubs",,Restaurants
VSDdUwXktnvL_O0meKv7MQ,Alice Pizza,235 S 15th St,Philadelphia,PA,19102,39.948332,-75.166127,4.5,243,1,"{'RestaurantsTakeOut': 'True', 'GoodForMeal': ""{'dessert': True, 'latenight': False, 'lunch': True, 'dinner': True, 'brunch': False, 'breakfast': False}"", 'Ambience': ""{'touristy': False, 'hipster': False, 'romantic': False, 'divey': False, 'intimate': False, 'trendy': True, 'upscale': False, 'classy': False, 'casual': True}"", 'RestaurantsPriceRange2': '2', 'OutdoorSeating': 'True', 'RestaurantsGoodForGroups': 'True', 'HasTV': 'True', 'WiFi': ""u'free'"", 'RestaurantsReservations': 'True', 'Alcohol': ""u'full_bar'"", 'RestaurantsAttire': ""'casual'"", 'BikeParking': 'False', 'GoodForKids': 'True', 'BusinessParking': ""{'garage': False, 'street': True, 'validated': False, 'lot': False, 'valet': False}"", 'RestaurantsDelivery': 'True', 'DogsAllowed': 'False', 'WheelchairAccessible': 'True', 'RestaurantsTableService': 'True', 'HappyHour': 'True', 'Caters': 'True', 'BusinessAcceptsCreditCards': 'True', 'NoiseLevel': ""'average'""}","Pizza, Restaurants, Nightlife, Italian, Bars, Gelato, Food, Wine Bars","{'Monday': '0:0-0:0', 'Tuesday': '11:0-22:0', 'Wednesday': '11:0-22:0', 'Thursday': '11:0-22:0', 'Friday': '11:0-23:0', 'Saturday': '11:0-23:0', 'Sunday': '11:0-21:0'}",Restaurants
-k1iNvlyQZkZ14Hcqzlk4Q,The Pharmacy,1300 S 18th St,Philadelphia,PA,19146,39.9348882,-75.1742147,2.5,24,1,"{'RestaurantsTakeOut': 'True', 'BusinessParking': ""{'garage': False, 'street': False, 'validated': False, 'lot': False, 'valet': False}"", 'RestaurantsAttire': ""u'casual'"", 'RestaurantsPriceRange2': '1', 'NoiseLevel': ""u'loud'"", 'BusinessAcceptsCreditCards': 'True', 'RestaurantsReservations': 'False', 'ByAppointmentOnly': 'False', 'BikeParking': 'True', 'RestaurantsDelivery': 'True', 'RestaurantsTableService': 'True', 'RestaurantsGoodForGroups': 'True', 'Ambience': ""{'romantic': False, 'intimate': False, 'classy': False, 'hipster': False, 'divey': False, 'touristy': False, 'trendy': False, 'upscale': False, 'casual': False}"", 'OutdoorSeating': 'False', 'GoodForKids': 'False', 'HasTV': 'True', 'WiFi': ""'free'"", 'GoodForMeal': ""{'dessert': False, 'latenight': False, 'lunch': False, 'dinner': False, 'brunch': False, 'breakfast': True}""}","Shopping, Coffee & Tea, Food, Restaurants, Art Galleries, Cafes, Arts & Entertainment, Breakfast & Brunch","{'Monday': '7:0-19:0', 'Tuesday': '7:0-19:0', 'Wednesday': '7:0-19:0', 'Thursday': '7:0-19:0', 'Friday': '7:0-19:0', 'Saturday': '11:0-15:0'}",Restaurants
QJZdu9kFpKh4Fy8_YuvvXQ,La Saveur,800 S 9th St,Philadelphia,PA,19147,39.9396771,-75.1578557,5.0,7,0,"{'RestaurantsDelivery': 'True', 'RestaurantsTakeOut': 'None'}","Caterers, French, Food, Mediterranean, Restaurants, Sandwiches, Event Planning & Services, Desserts","{'Tuesday': '10:0-20:0', 'Wednesday': '17:0-21:0', 'Thursday': '17:0-21:0', 'Friday': '14:30-21:0', 'Saturday': '9:30-21:0', 'Sunday': '9:30-21:0'}",Restaurants
RaK2NlWb8RV3xckcug_TJg,Black Seed Cafe,2400 Federal St,Philadelphia,PA,19146,39.93815,-75.183637014,4.0,22,0,"{'Caters': 'True', 'RestaurantsTakeOut': 'True', 'Ambience': ""{'touristy': False, 'hipster': False, 'romantic': False, 'divey': False, 'intimate': False, 'trendy': False, 'upscale': False, 'classy': True, 'casual': False}"", 'RestaurantsDelivery': 'True'}","Sandwiches, Cafes, Burgers, Restaurants, Breakfast & Brunch","{'Tuesday': '7:0-19:0', 'Wednesday': '7:0-19:0', 'Thursday': '7:0-19:0', 'Friday': '7:0-19:0', 'Saturday': '7:0-19:0', 'Sunday': '8:0-15:0'}",Restaurants
aZNiVR6oAMQX5__yGPvYsg,Susanna Foo Chinese Cuisine,1512 Walnut St,Philadelphia,PA,19102,39.9493255,-75.1667043,3.5,26,0,"{'BusinessAcceptsCreditCards': 'True', 'RestaurantsReservations': 'True', 'RestaurantsPriceRange2': '3', 'RestaurantsAttire': ""'dressy'"", 'GoodForKids': 'False', 'OutdoorSeating': 'False', 'RestaurantsTakeOut': 'False', 'RestaurantsDelivery': 'False', 'Alcohol': ""'full_bar'"", 'RestaurantsGoodForGroups': 'True', 'BusinessParking': ""{'garage': False, 'street': True, 'validated': False, 'lot': False, 'valet': False}""}","Chinese, Restaurants",,Restaurants
GR7eQKhHRbVWpzRsCAMfEA,Spring Garden Pizza & Restaurant,1139 Spring Garden St,Philadelphia,PA,19123,39.9620486,-75.1574284,4.5,36,1,"{'Alcohol': ""u'none'"", 'BikeParking': 'True', 'GoodForKids': 'True', 'RestaurantsAttire': ""u'casual'"", 'OutdoorSeating': 'False', 'Caters': 'True', 'RestaurantsGoodForGroups': 'True', 'RestaurantsTakeOut': 'True', 'NoiseLevel': ""u'quiet'"", 'RestaurantsDelivery': 'True', 'BusinessAcceptsCreditCards': 'True', 'RestaurantsReservations': 'False', 'HasTV': 'True', 'Ambience': ""{'romantic': False, 'intimate': False, 'classy': False, 'hipster': False, 'divey': True, 'touristy': False, 'trendy': False, 'upscale': False, 'casual': False}"", 'WiFi': ""'no'"", 'RestaurantsPriceRange2': '1', 'BusinessParking': ""{'garage': False, 'street': True, 'validated': False, 'lot': False, 'valet': False}""}","Breakfast & Brunch, Pizza, Restaurants","{'Monday': '7:30-20:0', 'Tuesday': '7:30-20:0', 'Wednesday': '7:30-20:0', 'Thursday': '7:30-20:0', 'Friday': '7:30-20:0', 'Saturday': '7:30-17:0'}",Restaurants
VSIUiDAMrrQVsfbLfquo2w,Small Oven Pastry Shop,2204 Washington Ave,Philadelphia,PA,19146,39.939368,-75.180138,4.5,29,1,"{'RestaurantsTakeOut': 'True', 'RestaurantsDelivery': 'True'}","Restaurants, Food, Bakeries, Cafes, Desserts","{'Wednesday': '10:0-18:0', 'Thursday': '10:0-18:0', 'Friday': '10:0-18:0', 'Saturday': '10:0-18:0', 'Sunday': '10:0-18:0'}",Restaurants
2LokHe7GtKZD9Q6w0dRe_A,Queen & Rook Game Cafe,607 S 2nd St,Philadelphia,PA,19147,39.9408669,-75.1455409,4.5,66,1,"{'Caters': 'True', 'RestaurantsTableService': 'True', 'OutdoorSeating': 'False', 'WheelchairAccessible': 'True', 'HappyHour': 'True', 'WiFi': ""u'free'"", 'BusinessParking': ""{'garage': True, 'street': True, 'validated': False, 'lot': False, 'valet': False}"", 'BikeParking': 'True', 'HasTV': 'True', 'GoodForMeal': ""{'dessert': False, 'latenight': False, 'lunch': False, 'dinner': False, 'brunch': False, 'breakfast': False}"", 'RestaurantsReservations': 'True', 'BusinessAcceptsCreditCards': 'True', 'CoatCheck': 'False', 'RestaurantsDelivery': 'True', 'GoodForKids': 'True', 'Smoking': ""u'no'"", 'Alcohol': ""u'full_bar'"", 'RestaurantsTakeOut': 'True', 'BYOB': 'False'}","Restaurants, Bars, Breakfast & Brunch, Eatertainment, Vegetarian, Arts & Entertainment, Cafes, Nightlife, Tabletop Games, Vegan, Themed Cafes, Shopping","{'Monday': '10:0-23:0', 'Tuesday': '17:0-22:0', 'Wednesday': '17:0-22:0', 'Thursday': '17:0-22:0', 'Friday': '15:0-0:0', 'Saturday': '12:0-0:0', 'Sunday': '12:0-20:0'}",Restaurants
kGjpBqAqG4mIuFSgU2KKEA,The Royal Indian Cuisine,272 S 20th St,Philadelphia,PA,19103,39.948365,-75.1744997,4.0,28,1,"{'DogsAllowed': 'False', 'HasTV': 'False', 'GoodForMeal': ""{'dessert': False, 'latenight': False, 'lunch': False, 'dinner': False, 'brunch': False, 'breakfast': False}"", 'Ambience': ""{'touristy': None, 'hipster': None, 'romantic': None, 'divey': None, 'intimate': True, 'trendy': None, 'upscale': None, 'classy': None, 'casual': None}"", 'BusinessAcceptsCreditCards': 'True', 'BusinessAcceptsBitcoin': 'False', 'WheelchairAccessible': 'False', 'BusinessParking': ""{'garage': False, 'street': True, 'validated': False, 'lot': False, 'valet': False}"", 'HappyHour': 'False', 'WiFi': ""u'no'"", 'RestaurantsReservations': 'True', 'OutdoorSeating': 'False', 'Caters': 'True', 'RestaurantsTableService': 'True', 'Alcohol': ""u'none'"", 'RestaurantsDelivery': 'True', 'RestaurantsTakeOut': 'True'}","Restaurants, Indian","{'Monday': '16:0-22:0', 'Wednesday': '11:0-22:0', 'Thursday': '11:0-22:0', 'Friday': '11:0-22:30', 'Saturday': '11:0-22:30', 'Sunday': '11:0-22:0'}",Restaurants
BaSwNEingTmrBw4shffK5w,Function Coffee Labs,1001 S 10th St,Philadelphia,PA,19147,39.9378379,-75.1594805,4.5,141,1,"{'DriveThru': 'False', 'WiFi': ""u'free'"", 'BusinessAcceptsCreditCards': 'True', 'GoodForKids': 'True', 'BusinessParking': ""{'garage': False, 'street': True, 'validated': False, 'lot': False, 'valet': False}"", 'BikeParking': 'True', 'RestaurantsPriceRange2': '1', 'OutdoorSeating': 'True', 'Caters': 'True', 'WheelchairAccessible': 'False', 'HappyHour': 'False', 'RestaurantsGoodForGroups': 'False', 'HasTV': 'False', 'DogsAllowed': 'True', 'RestaurantsReservations': 'False', 'NoiseLevel': ""'average'"", 'RestaurantsTableService': 'False', 'ByAppointmentOnly': 'False', 'GoodForMeal': ""{'dessert': True, 'latenight': False, 'lunch': False, 'dinner': False, 'brunch': False, 'breakfast': True}"", 'Ambience': ""{'touristy': False, 'hipster': True, 'romantic': False, 'divey': False, 'intimate': False, 'trendy': True, 'upscale': False, 'classy': False, 'casual': True}"", 'Alcohol': ""u'none'"", 'Corkage': 'False', 'RestaurantsAttire': ""'casual'"", 'RestaurantsDelivery': 'True', 'BYOB': 'True', 'RestaurantsTakeOut': 'True'}","Bakeries, Restaurants, Breakfast & Brunch, Desserts, Food, Coffee Roasteries, Coffee & Tea","{'Monday': '9:0-16:0', 'Tuesday': '7:30-16:0', 'Wednesday': '7:30-16:0', 'Thursday': '7:30-16:0', 'Friday': '7:30-16:0', 'Saturday': '7:30-16:0', 'Sunday': '8:0-16:0'}",Restaurants
o45O8DI0MJXYsHnoIkP0jg,D'jakarta Cafe,1540 W Ritner St,Philadelphia,PA,19145,39.9209022,-75.173679,4.5,107,1,"{'BusinessParking': ""{'garage': False, 'street': True, 'validated': False, 'lot': False, 'valet': False}"", 'GoodForKids': 'True', 'WheelchairAccessible': 'False', 'NoiseLevel': ""u'average'"", 'Alcohol': ""u'none'"", 'DogsAllowed': 'False', 'RestaurantsTableService': 'True', 'ByAppointmentOnly': 'False', 'RestaurantsReservations': 'True', 'RestaurantsDelivery': 'True', 'RestaurantsTakeOut': 'True', 'RestaurantsAttire': ""'casual'"", 'BYOB': 'True', 'Corkage': 'False', 'BusinessAcceptsBitcoin': 'False', 'BusinessAcceptsCreditCards': 'True', 'HappyHour': 'False', 'Ambience': ""{u'divey': False, u'hipster': False, u'casual': True, u'touristy': None, u'trendy': None, u'intimate': False, u'romantic': False, u'classy': None, u'upscale': False}"", 'RestaurantsGoodForGroups': 'True', 'WiFi': ""u'no'"", 'BikeParking': 'True', 'OutdoorSeating': 'False', 'RestaurantsPriceRange2': '2', 'GoodForMeal': ""{'dessert': None, 'latenight': None, 'lunch': True, 'dinner': True, 'brunch': None, 'breakfast': None}"", 'Caters': 'False', 'HasTV': 'True'}","Restaurants, Seafood, Indonesian, Asian Fusion","{'Wednesday': '11:0-19:30', 'Thursday': '11:0-19:30', 'Friday': '11:0-20:30', 'Saturday': '11:0-20:30', 'Sunday': '11:0-19:30'}",Restaurants
-OIUunijjcq_ZzyyQhPPFQ,Zorba's Taverna,2230 Fairmount Ave,Philadelphia,PA,19130,39.9671642,-75.1748969,4.5,510,1,"{'RestaurantsDelivery': 'True', 'BusinessAcceptsCreditCards': 'True', 'HasTV': 'False', 'RestaurantsPriceRange2': '2', 'RestaurantsGoodForGroups': 'True', 'WiFi': ""u'no'"", 'GoodForKids': 'True', 'Alcohol': ""u'none'"", 'NoiseLevel': ""u'average'"", 'BYOBCorkage': ""'yes_free'"", 'BusinessParking': ""{'garage': False, 'street': True, 'validated': False, 'lot': False, 'valet': False}"", 'RestaurantsAttire': ""'casual'"", 'RestaurantsTakeOut': 'True', 'Caters': 'True', 'BikeParking': 'True', 'RestaurantsReservations': 'True', 'Ambience': ""{'touristy': False, 'hipster': False, 'romantic': False, 'divey': False, 'intimate': False, 'trendy': False, 'upscale': False, 'classy': True, 'casual': True}"", 'OutdoorSeating': 'None', 'GoodForMeal': ""{'dessert': False, 'latenight': False, 'lunch': None, 'dinner': True, 'brunch': False, 'breakfast': False}"", 'HappyHour': 'False'}","Restaurants, Greek, Mediterranean","{'Monday': '0:0-0:0', 'Tuesday': '11:30-21:0', 'Wednesday': '11:30-21:0', 'Thursday': '11:30-21:0', 'Friday': '11:30-21:30', 'Saturday': '11:30-21:30', 'Sunday': '13:0-21:0'}",Restaurants
XLLy-geeVwPF-awhMG8kGQ,Mad River,126 Chestnut St,Philadelphia,PA,19106,39.948092,-75.143565,2.5,58,0,"{'RestaurantsTakeOut': 'False', 'BusinessAcceptsCreditCards': 'True', 'Caters': 'False', 'Ambience': ""{'romantic': False, 'intimate': False, 'touristy': False, 'hipster': False, 'divey': False, 'classy': False, 'trendy': False, 'upscale': False, 'casual': False}"", 'WiFi': ""u'no'"", 'NoiseLevel': ""u'very_loud'"", 'BusinessParking': ""{'garage': False, 'street': True, 'validated': False, 'lot': False, 'valet': False}"", 'OutdoorSeating': 'False', 'RestaurantsAttire': ""u'casual'"", 'RestaurantsDelivery': 'True', 'RestaurantsPriceRange2': '2', 'RestaurantsReservations': 'False', 'Alcohol': ""'full_bar'"", 'HasTV': 'True', 'GoodForKids': 'False', 'RestaurantsGoodForGroups': 'True', 'HappyHour': 'True'}","American (Traditional), Sports Bars, Gay Bars, Nightlife, Dance Clubs, Restaurants, Bars",,Restaurants
V35-Tw8yBCzqu6oERS7fSA,Jules Pizza & Grill,431 South St,Philadelphia,PA,19147,39.941921,-75.150363,3.5,14,0,"{'RestaurantsGoodForGroups': 'True', 'BusinessParking': ""{'garage': False, 'street': False, 'validated': False, 'lot': False, 'valet': False}"", 'RestaurantsAttire': ""'casual'"", 'RestaurantsTakeOut': 'True', 'GoodForKids': 'True', 'WiFi': ""u'no'"", 'Ambience': ""{'touristy': False, 'hipster': False, 'romantic': False, 'divey': False, 'intimate': False, 'trendy': False, 'upscale': False, 'classy': False, 'casual': False}"", 'RestaurantsReservations': 'False', 'Alcohol': ""'none'"", 'BusinessAcceptsCreditCards': 'True', 'GoodForMeal': ""{'dessert': False, 'latenight': False, 'lunch': False, 'dinner': False, 'brunch': False, 'breakfast': False}"", 'OutdoorSeating': 'None', 'RestaurantsPriceRange2': '1', 'RestaurantsDelivery': 'True', 'HasTV': 'True'}","Cheesesteaks, Pizza, Sandwiches, Restaurants, Chicken Wings, Indian","{'Monday': '11:0-22:0', 'Tuesday': '11:0-22:0', 'Wednesday': '11:0-22:0', 'Thursday': '11:0-22:0', 'Friday': '11:0-1:0', 'Saturday': '11:0-1:0', 'Sunday': '11:0-22:0'}",Restaurants
uuYanMLNJzdpaYB83szcEg,Brickwall Tavern,1213 Sansom St,Philadelphia,PA,19107,39.9497989859,-75.1610815883,3.5,67,0,"{'BikeParking': 'False', 'Alcohol': ""u'full_bar'"", 'HappyHour': 'True', 'GoodForDancing': 'False', 'DogsAllowed': 'False', 'HasTV': 'True', 'GoodForMeal': ""{'dessert': None, 'latenight': None, 'lunch': None, 'dinner': True, 'brunch': None, 'breakfast': None}"", 'RestaurantsReservations': 'True', 'RestaurantsGoodForGroups': 'True', 'RestaurantsDelivery': 'None', 'Ambience': ""{'touristy': None, 'hipster': True, 'romantic': None, 'divey': None, 'intimate': None, 'trendy': None, 'upscale': None, 'classy': None, 'casual': True}"", 'Smoking': ""u'no'"", 'GoodForKids': 'True', 'OutdoorSeating': 'False', 'WheelchairAccessible': 'True', 'BusinessParking': ""{'garage': None, 'street': None, 'validated': False, 'lot': None, 'valet': False}"", 'RestaurantsPriceRange2': '2', 'BestNights': ""{'monday': False, 'tuesday': False, 'friday': False, 'wednesday': False, 'thursday': False, 'sunday': False, 'saturday': False}"", 'RestaurantsTableService': 'True', 'BusinessAcceptsBitcoin': 'False', 'BusinessAcceptsCreditCards': 'True', 'Music': ""{'dj': None, 'background_music': False, 'no_music': False, 'jukebox': None, 'live': False, 'video': False, 'karaoke': None}"", 'CoatCheck': 'True', 'RestaurantsTakeOut': 'None'}","Bars, Nightlife, Sports Bars, Restaurants, American (Traditional), Beer Bar","{'Monday': '15:0-0:0', 'Tuesday': '12:0-2:0', 'Wednesday': '17:0-0:0', 'Thursday': '11:0-2:0', 'Friday': '11:0-2:0', 'Saturday': '11:0-2:0', 'Sunday': '11:0-0:0'}",Restaurants
r4eDzodjjoxk79ydS7V67Q,1518 Bar & Grill,1518 Sansom St,Philadelphia,PA,19102,39.9501977,-75.1666386,4.0,221,1,"{'RestaurantsTakeOut': 'True', 'GoodForKids': 'False', 'Caters': 'False', 'BusinessParking': ""{'garage': False, 'street': True, 'validated': False, 'lot': False, 'valet': False}"", 'RestaurantsAttire': ""u'casual'"", 'RestaurantsPriceRange2': '2', 'WiFi': ""u'no'"", 'BusinessAcceptsCreditCards': 'True', 'RestaurantsGoodForGroups': 'True', 'NoiseLevel': ""u'average'"", 'HasTV': 'True', 'HappyHour': 'True', 'BikeParking': 'True', 'GoodForMeal': ""{'dessert': False, 'latenight': False, 'lunch': True, 'dinner': False, 'brunch': False, 'breakfast': False}"", 'Alcohol': ""u'full_bar'"", 'Ambience': ""{'romantic': False, 'intimate': False, 'touristy': False, 'hipster': False, 'divey': False, 'classy': False, 'trendy': False, 'upscale': False, 'casual': True}"", 'BestNights': ""{'monday': False, 'tuesday': False, 'friday': True, 'wednesday': False, 'thursday': True, 'sunday': False, 'saturday': True}"", 'OutdoorSeating': 'True', 'Music': ""{'dj': False, 'background_music': False, 'no_music': False, 'jukebox': False, 'live': False, 'video': False, 'karaoke': False}"", 'RestaurantsReservations': 'True', 'RestaurantsDelivery': 'True'}","American (New), Nightlife, Cocktail Bars, Breweries, Bars, Restaurants, Food, American (Traditional)","{'Monday': '11:0-2:0', 'Tuesday': '11:0-2:0', 'Wednesday': '11:0-2:0', 'Thursday': '11:0-2:0', 'Friday': '11:0-2:0', 'Saturday': '11:0-2:0', 'Sunday': '11:0-2:0'}",Restaurants
_Mf6thZ3iq30UP8tnkYeRg,China House,1600 S 7th St,Philadelphia,PA,19148,39.9289011,-75.1570348,3.0,6,1,"{'RestaurantsPriceRange2': '1', 'OutdoorSeating': 'False', 'RestaurantsReservations': 'False', 'RestaurantsAttire': ""u'casual'"", 'RestaurantsDelivery': 'True', 'BusinessParking': ""{'garage': False, 'street': False, 'validated': False, 'lot': False, 'valet': False}"", 'RestaurantsTakeOut': 'True', 'Alcohol': ""u'none'"", 'RestaurantsGoodForGroups': 'False'}","Restaurants, Chinese",,Restaurants
DvyG9Fx1EeNJfr_UNL7NYA,Fresco Tortilla,200 S Broad St Hyatt Food Ct,Philadelphia,PA,19102,39.949224,-75.164942,3.5,10,0,"{'OutdoorSeating': 'False', 'RestaurantsTakeOut': 'True', 'RestaurantsReservations': 'False', 'RestaurantsDelivery': 'False', 'BusinessParking': ""{'garage': True, 'street': False, 'validated': False, 'lot': False, 'valet': False}"", 'RestaurantsGoodForGroups': 'True', 'Alcohol': ""u'none'"", 'WiFi': ""u'free'"", 'RestaurantsPriceRange2': '1', 'BusinessAcceptsCreditCards': 'True', 'GoodForKids': 'True', 'HasTV': 'False', 'RestaurantsAttire': ""u'casual'"", 'Ambience': ""{'romantic': False, 'intimate': False, 'classy': False, 'hipster': False, 'divey': False, 'touristy': False, 'trendy': False, 'upscale': False, 'casual': True}"", 'NoiseLevel': ""u'loud'""}","Event Planning & Services, Restaurants, Mexican, Food","{'Monday': '9:0-17:0', 'Tuesday': '9:0-17:0', 'Wednesday': '9:0-17:0', 'Thursday': '9:0-17:0', 'Friday': '9:0-17:0'}",Restaurants
_RGH0PIjwMoFaYUm2P5dKQ,Lombard Swim Club,2040 Lombard St,Philadelphia,PA,19146,39.9458521,-75.1761041,3.5,7,1,"{'GoodForKids': 'True', 'BusinessAcceptsCreditCards': 'True', 'ByAppointmentOnly': 'True', 'BusinessParking': ""{'garage': False, 'street': False, 'validated': False, 'lot': False, 'valet': False}"", 'BikeParking': 'True'}","Beaches, Active Life, Swimming Pools, Restaurants, Greek","{'Monday': '7:0-21:0', 'Tuesday': '7:0-21:0', 'Wednesday': '7:0-21:0', 'Thursday': '7:0-21:0', 'Friday': '7:0-23:0', 'Saturday': '9:0-22:0', 'Sunday': '9:0-21:0'}",Restaurants
