,business_id,name,categories,city,stars,topic_1,topic_2,topic_3,topic_4,topic_5,topic_6
0,-2-ih3mE8KPyeKVIzpBfPQ,SkyGarten,"American (Traditional), Bars, Restaurants, Nightlife, Beer Gardens",Philadelphia,3.5,0.1947484312235603,0.021369680707760786,0.006500556127635515,0.18073011071478481,0.20443923111227438,0.3922119901139842
1,-T_lkOvaK39R-Ufg6VUyxg,Magpie,"Desserts, Food, Coffee & Tea, Restaurants",Philadelphia,4.5,0.040459052980730575,0.309370562949614,0.0,0.11612397637840546,0.17342938883038894,0.360617018860861
2,-V0vIgo6196MDn_x3ZaYmA,La Creperie Cafe,"Restaurants, Cafes, Creperies",Philadelphia,3.5,0.35996839099799777,0.10545989567651565,0.025130339359795334,0.19578387476886247,0.2557532258473835,0.05790427334944531
3,-cEFKAznWmI0cledNOIQ7w,Gran Caffe L'Aquila,"Restaurants, Gelato, Coffee & Tea, Food, Italian, Bakeries",Philadelphia,4.5,0.2629146365696224,0.10881578959336084,0.06630035011472836,0.18211647089255323,0.16351171414916896,0.2163410386805662
4,-lVEVi3vtQ8_L9kKT0bBwQ,Le Chéri,"Restaurants, French",Philadelphia,4.0,0.1875780326827623,0.09063438592305513,0.008888229673421883,0.17068828021860696,0.19929251329700937,0.3429185582051444
5,-mIlmp5l4hKlp1tvHRdvTg,Sonny's Famous Steaks,"Cheesesteaks, Comfort Food, Restaurants, Delis, Burgers, American (Traditional), Sandwiches, Local Flavor",Philadelphia,4.0,0.31407932123014065,0.05264359121923369,0.07151827432534034,0.18350533115336587,0.24309449361695415,0.13515898845496524
6,-nIXhxPvxST6bTuj9jo1UQ,DaMò Pasta Lab,"Italian, Pasta Shops, Restaurants, Food, Specialty Food",Philadelphia,4.5,0.4257898516867573,0.11103687177859208,0.019069238965415684,0.12251033200311068,0.21567937152206343,0.10591433404406084
7,018ixB-WinNmflwX2UvS1g,Pine St Deli,"Sandwiches, Delis, Restaurants",Philadelphia,4.0,0.6418878623046224,0.0,0.0,0.24686310820791185,0.0,0.11124902948746565
8,03cvVjbkCOtiIt51M-MLFg,Prime Halal Meat,"Restaurants, Specialty Food, Meat Shops, Food, Halal, Grocery",Philadelphia,4.5,0.31353850001236777,0.06404022720982816,0.032471452462574865,0.08439058695551233,0.23495110377521108,0.2706081295845058
9,0SWqECZ39P2MlmeXbKnUjg,Asia On the Parkway,"Singaporean, Restaurants, Asian Fusion, Thai",Philadelphia,3.0,0.3127608579665726,0.08624944739097473,0.08440715157939592,0.15946873397415903,0.18991235426871075,0.16720145482018697
10,0ak-7uV9Nb7nF_l-mMCysA,Oishii Poké,"Restaurants, Mexican, Food, Hawaiian, Poke, Japanese",Philadelphia,4.0,0.40698091663347646,0.051507135728362435,0.015506648133431982,0.015491567560307586,0.34026542983599806,0.17024830210842348
11,0bvtIbpsqBJZpRKSPwIfNw,Panorama,"Hotels & Travel, Bars, Food, Wine Bars, Beer, Wine & Spirits, Event Planning & Services, Nightlife, Hotels, Gluten-Free, Restaurants, Italian",Philadelphia,4.0,0.3741371865784634,0.11030188116110283,0.01989938402797774,0.22345053574105728,0.1347266220602664,0.13748439043113234
12,0lGN91IoLe02MtEu9Xtf1w,Pizza Hut,"Chicken Wings, Pizza, Restaurants, Italian",Philadelphia,1.5,0.37683787483682085,0.0036552529310125217,0.008889598449615491,0.08020685605376432,0.30362265346462614,0.2267877642641607
13,0n6rbrYy_zlr9N1WnEmr9Q,Pier Bar,"Restaurants, Seafood, Breakfast & Brunch, Nightlife, Beer Gardens, Bars",Philadelphia,3.5,0.6187719225263912,0.0,0.0,0.09709164525753772,0.284136432216071,0.0
14,0p5Q__lOXxnp74afXHP5tg,Jasmine Rice - Old City,"Restaurants, Thai",Philadelphia,3.5,0.347480571857007,0.0645503325749351,0.12237948675161135,0.15319507294518228,0.20351352525326533,0.108881010617999
15,0pnIIgi4sm96CllW0DhXug,Il Pittore,"Restaurants, American (New), Diners, Italian",Philadelphia,4.0,0.289309546901071,0.20827414989233198,0.10916048478334385,0.043597291075943755,0.30933979521129157,0.04031873213601781
16,0xadnlAs2uV7Ax-7RViZEw,Ikki Sushi,"Sushi Bars, Japanese, Restaurants",Philadelphia,4.5,0.03658883425218866,0.2993137150222173,0.0,0.04421803642141277,0.06974556640312561,0.5501338479010558
17,0zf4KKZqbqoxiuKzeZLDdg,PrimoHoagies,"Italian, Sandwiches, Restaurants",Philadelphia,3.5,0.20871361478560357,0.20232644620492304,0.020127190345443843,0.22262671993404717,0.19407845373358992,0.1521275749963924
18,17Y8circEnkMMXKfLo8Ztg,Bitar's,"Restaurants, Middle Eastern, Falafel, Bakeries, Food, Greek, Mediterranean",Philadelphia,4.0,0.3378587627165641,0.05877019604775133,0.009159529615275405,0.22311936542338628,0.22603100216760072,0.1450611440294222
19,1CCG0WYSoR8ejdgD5-Gaqg,Francoluigi's Pizzeria & Italian Restaurant,"Italian, Restaurants, Pizza",Philadelphia,4.0,0.29120372389568544,0.07835591585717044,0.11478586489703843,0.15051927639140295,0.15202062960349752,0.21311458935520516
20,1NCUTTp6rIyXpwUDVv9qOA,Lazos Pizza & Grill,"Pizza, American (Traditional), Restaurants, Italian",Philadelphia,4.0,0.1645962475233177,0.169093169206767,0.14575191410405722,0.10942481829979077,0.30083048726062267,0.11030336360544458
21,1iE5POC7JT8fKs2tZ-CJnA,Wawa,"Convenience Stores, Delis, Food, Restaurants",Philadelphia,3.0,0.06723022884637644,0.12236921207950814,0.0,0.5252527584541308,0.04265445487680478,0.24249334574317993
22,1klRUBB6LfKCotq75BVmbA,Thirsty Dice,"Themed Cafes, Eatertainment, Bars, Nightlife, Restaurants, Arts & Entertainment, Cafes, Pubs",Philadelphia,4.0,0.35838641314998537,0.03822418888734318,0.0018236253684477265,0.24401213584354844,0.2322888112162184,0.1252648255344569
23,1qciFQiO1RJ83Oh7DRioKQ,Blue Cross RiverRink,"Recreation Centers, Skating Rinks, Active Life, Restaurants, American (New)",Philadelphia,4.0,0.1676959582987057,0.04626936381692236,0.17030899211840286,0.08827226373763801,0.34351467769884186,0.18393874432948926
24,1qexUlZZRWIaPWlvGNnmcA,Palma's Cucina,"Breakfast & Brunch, Italian, Seafood, Restaurants, Pizza",Philadelphia,4.5,0.5706092110160186,0.01834400279739109,0.0,0.05155129853558967,0.0860173839058247,0.27347810374517595
25,1y3y_ihpO6SHxK9MRdtSlw,Noon Mediterranean,"Mediterranean, Restaurants, Greek",Philadelphia,3.5,0.30860148546488914,0.2269332438131961,0.020848026993917367,0.06645695534442637,0.25132438653576034,0.1258359018478108
26,26iUm28PTWJd9qqDe5YvKw,Pei Wei,"Restaurants, Chinese, Pan Asian, Fast Food, Gluten-Free, Noodles, Asian Fusion",Philadelphia,1.5,0.22237897619896452,0.15240440788019066,0.01961278086596548,0.10662658788066677,0.16865908691122347,0.33031816026298905
27,2hCJpE5I2OfEToUGcvdGRQ,Wajoe,"Korean, Restaurants",Philadelphia,3.0,0.32846203794430723,0.04939681961774994,0.006152598881729761,0.09346062128648353,0.17227320975711172,0.3502547125126178
28,2o4CRQ-FreATtbnhlLKWew,The Pizza Place,"Restaurants, Pizza",Philadelphia,3.0,0.36936280442900854,0.07964617077191051,0.008479667206340647,0.21586758955754665,0.21825162869184722,0.10839213934334639
29,2owewxu5r6mLfKv6BBV3Aw,Dunkin',"Donuts, Food, Restaurants, Coffee & Tea",Philadelphia,1.5,0.3469938329676875,0.031905117846821957,0.008937024024346409,0.2204378723147341,0.24590221115428526,0.14582394169212481
30,3-rScHRALlmQnsbMz_XFTA,BurgerFi,"Restaurants, Fast Food, Burgers",Philadelphia,2.0,0.3632838684319318,0.03366326917262806,0.0027151910629687357,0.27402637960649595,0.28503519060461824,0.04127610112135726
31,3966MAWoL1GbB8Zjvspx1g,Urban Enoteca,"Nightlife, Bars, Restaurants, American (New), Italian",Philadelphia,3.0,0.26227861930657453,0.25733494998198114,0.0043571719712015506,0.06867147809304658,0.1792155377185237,0.2281422429286724
32,3BJxm-HnvzdwD1zjmSbmyQ,Golden Chopstick Chinese Restaurant,"Restaurants, Chinese",Philadelphia,3.0,0.3204539060387396,0.1463439512380138,0.027502765536696762,0.1595988291023122,0.2832093879012538,0.06289116018298384
33,3NsTKp85H2FUjr1SURf0NQ,Greenstreet Coffee Co.,"Restaurants, Food, Cafes, Coffee & Tea",Philadelphia,4.5,0.35660980641934503,0.08272845514416476,8.764393902580686e-05,0.23825596063756513,0.10418549235392773,0.21813264150597153
34,40O7uKX-uAG_JDrS-OM85w,Umai Umai,"Japanese, Sushi Bars, Asian Fusion, Restaurants",Philadelphia,4.5,0.2052684395690895,0.23243045798582526,0.1293939210356012,0.14280035129918534,0.22788152412234616,0.062225305987952464
35,4D_GsaRoqk7P09VOcgezlQ,B2,"Vegan, Restaurants, Food, Coffee & Tea",Philadelphia,3.5,0.30991000973784905,0.07494387922037522,0.0472275241454627,0.1483187909378549,0.21201190267620773,0.20758789328225036
36,4FLz0ha5Gy4dKKl3UFVI6g,The Market Tavern,"Nightlife, Bars, American (Traditional), Irish Pub, Pubs, Beer, Wine & Spirits, Restaurants, Food",Philadelphia,3.5,0.42373973066167736,0.33895089697796943,0.02605056705571224,0.1068053403569238,0.005950877051837573,0.09850258789587961
37,4HRtArZJtcAs10gAE7_bzw,COSI,"Restaurants, Sandwiches, Coffee & Tea, Food",Philadelphia,2.5,0.2851116271306284,0.039023173380269296,0.008883096198923458,0.15754772174525836,0.3054190655280897,0.20401531601683084
38,4P6u1-EXiwVdGSZbYHD7GQ,The HeadHouse Cafe,"Sushi Bars, Restaurants, Bars, Gastropubs, Nightlife, Pubs",Philadelphia,2.5,0.3929312200077674,0.10870263016912238,0.026496446135678826,0.16427386884548967,0.19723639571092283,0.11035943913101888
39,4R2KR_-FybS7oegGrXjHVg,Del Frisco's Double Eagle Steakhouse,"Food, Restaurants, Seafood, Specialty Food, Steakhouses, American (Traditional)",Philadelphia,4.0,0.3193768666098702,0.08851618561972663,0.03235107430825489,0.17551959145832943,0.2470079550089332,0.13722832699488569
40,4ZZIxkhZrmRpyNiMjmQG8A,Underdogs,"Hot Dogs, Restaurants, Salad",Philadelphia,4.0,0.11367551672463368,0.10509841726432435,0.24663476818526694,0.35065739261811624,0.1181354636676449,0.06579844154001388
41,5-olTgAwRwJyvfvrdEFdSg,StudioKitchen,"American (New), Restaurants",Philadelphia,4.0,0.20588980026904283,0.29678701329469465,0.0,0.0,0.0057479308775521916,0.49157525555871034
42,5E7Zk3g6kLsB72J4EX4YkA,Bufad,"Desserts, Event Planning & Services, Caterers, Vegetarian, Pizza, Restaurants, Food, Italian, Venues & Event Spaces",Philadelphia,4.0,0.336238450765182,0.03379344139938189,0.008540139628816935,0.3329287064840622,0.18534987791113802,0.10314938381141894
43,5IEkofnAwaleuGjfBVsrvw,Turp’s Kitchen,"Restaurants, Soul Food, Chicken Wings, Sandwiches",Philadelphia,3.0,0.28054743892274564,0.0,0.0,0.21595498953124756,0.46140162953280267,0.04209594201320418
44,5IL3rTT-_LHyvVJRVNKxaQ,Victory Beer Hall,"American (New), Pretzels, German, Pubs, Nightlife, Food, Sandwiches, Restaurants, Beer, Wine & Spirits, Bars",Philadelphia,3.0,0.24050300493076374,0.08232688221154663,0.01789924858381139,0.24914061913792876,0.2983508182417754,0.11177942689417404
45,5Orn19gUeqCgKu5IRYlvpQ,Popeyes Louisiana Kitchen,"American (Traditional), Fast Food, Food, Chicken Wings, Restaurants",Philadelphia,3.0,0.3429435895263707,0.11252569576834429,0.0,0.14854768318183476,0.3271449856367715,0.06883804588667874
46,5dIS6fNq-t5tdj5X56rTzg,Kosmo Pizza & Grille,"Restaurants, Pizza, Sandwiches, American (Traditional), Food Delivery Services, Food",Philadelphia,4.5,0.13113733605069727,0.09125899123432482,0.0,0.08777092896340484,0.09597842985671531,0.5938543138948578
47,5eldbLrF_oodWvu1VuEP8w,1925 Cocktail Lounge,"Restaurants, Bars, Adult Entertainment, Lounges, American (New), Nightlife",Philadelphia,2.5,0.4511705854441675,0.08656931980382265,0.02180572975411596,0.13224259959480159,0.15597221914819265,0.15223954625489974
48,5gqoD4EknTFf-39zz1Fa1w,El Compadre,"Restaurants, Mexican, Breakfast & Brunch",Philadelphia,4.5,0.5984960747117324,0.10608629316667431,0.028202327403935343,0.0,0.06822687407705687,0.19898843064060096
49,5m7bO2jAln0hygX7-Y72bQ,Ga Vang,"Vietnamese, Restaurants",Philadelphia,3.0,0.24552529134309034,0.0,0.008681384903465336,0.0,0.0,0.7457933237534444
50,5nqWNo7uVU1Zxm4tjnvkUw,Hai Street Kitchen & Co,"Japanese, Asian Fusion, Fast Food, Restaurants",Philadelphia,3.5,0.2841189762355284,0.12538462178987686,0.040311075767213156,0.17506037077885633,0.23799257902626547,0.13713237640225978
51,5tRxcP-pDVeZtcDU-FkQ9A,Brown Street Pub,"Nightlife, Restaurants, Arts & Entertainment, American (Traditional), Bars, Shopping, Art Galleries, Pubs",Philadelphia,3.5,0.6365036637793242,0.0,0.0001651360539231797,0.23880257953948372,0.04555138602899913,0.07897723459826973
52,65m_3aPnCbDjm8nOd5TrQA,Loving Hut,"Internet Cafes, Vegan, Coffee & Tea, Restaurants, Food",Philadelphia,4.0,0.24814558590954708,0.1794009824348009,0.04571883128680521,0.32247075062056296,0.0005827134352565316,0.20368113631302728
53,68ThEdiK0eWCEgGEmV9Tng,Southgate,"Breakfast & Brunch, American (Traditional), Korean, Restaurants, Gastropubs, Nightlife, Bars, Cocktail Bars",Philadelphia,4.0,0.38171175138339314,0.024012503130635736,0.14981134325893228,0.16353146791295528,0.22717995359025012,0.05375298072383347
54,6CsLAjWXFlLpErBZEmGQ5g,Sky Cafe,"Indonesian, Restaurants",Philadelphia,4.5,0.2409235665101327,0.0,0.01754279015974733,0.0,0.7255901630288096,0.015943480301310386
55,6F_pMpmU4WDycwY8B8T9Fg,Italian Bistro of Center City,"Italian, Restaurants",Philadelphia,2.5,0.3273718075389082,0.08006617194679262,0.02258543197947501,0.3153480142716132,0.003400159909298444,0.2512284143539125
56,6HvlBeMH1povoskopmp94Q,Du Jour Commerce Square,"Personal Chefs, Caterers, Salad, Food, Event Planning & Services, Restaurants, Coffee & Tea, Sandwiches, Breakfast & Brunch",Philadelphia,3.0,0.6477218512606674,0.03682019563375511,0.007028037308648993,0.03017850385473311,0.07776618636657322,0.20048522557562212
57,6LmJ1077AVxEMn4Ce5ZSHg,Logan Square Cafe,"Venues & Event Spaces, Cafes, Breakfast & Brunch, Caterers, Event Planning & Services, Restaurants",Philadelphia,2.0,0.297677249618613,0.13409146100552974,0.05787371715872184,0.1959642786573798,0.20880406511849486,0.1055892284412607
58,6OTy5-0NdmxgxqCLVuIJaA,M Kee,"Restaurants, Chinese",Philadelphia,4.0,0.24385826123945545,0.10674689533437907,0.121495320061249,0.08267494068477055,0.33487061203653523,0.1103539706436107
59,6bmVsTncY7MzLlbraU4aTg,Hibachi Japanese Steakhouse & Sushi Bar,"Japanese, Restaurants",Philadelphia,2.5,0.281227401214344,0.062417152570020874,0.041912981033103903,0.16751421175970527,0.3429662986332404,0.10396195478958563
60,6c8eIawbCBu3FLp2kDraBA,Attico Rooftop Lounge,"Tapas/Small Plates, American (Traditional), Beer, Wine & Spirits, Mediterranean, Restaurants, Food, Bars, Cocktail Bars, Nightlife",Philadelphia,3.0,0.4468510015692143,0.0558263658598728,0.017897692287806907,0.17972746234119194,0.20063373355186326,0.09906374439005074
61,6cfNCzL2A0XsmXnjeg0u7w,Cosi,"Coffee & Tea, Pizza, Restaurants, Food, Sandwiches",Philadelphia,2.0,0.27939375766610003,0.06363579813657246,0.16731684997346258,0.1260477594303489,0.24291634462534922,0.12068949016816678
62,6mZ99K1Ge3vkXnygDYw1Jg,Keating's River Grill,"Steakhouses, Seafood, Restaurants",Philadelphia,2.5,0.31149304955073354,0.06855877217622307,0.011057016091814328,0.16503838778101987,0.3331146623611673,0.11073811203904188
63,6mZCkALTvbeWPcc5IAImHg,Robert Chiarella's Gourmet Pizzeria,"Pizza, Restaurants, Sandwiches, Italian",Philadelphia,3.5,0.1599955580857466,0.22770753899118004,0.0,0.14178994136156653,0.02871886931049384,0.441788092251013
64,6tcFFccjwE4twLkrkqVLPg,Ooh LaLa Salads,"Restaurants, Salad",Philadelphia,3.0,0.22900463713134023,0.11590525698431159,0.2285351505550403,0.16758937584142508,0.16916743348360172,0.08979814600428104
65,6vp741cxMvQMicJ3qZuLGQ,2nd Street Brew House,"Pubs, Beer, Wine & Spirits, Food, Nightlife, Bars, Restaurants, Beer Bar, American (Traditional), Sports Bars",Philadelphia,4.0,0.41207293989543275,0.06899820040175533,0.00806304831742072,0.17248267829894495,0.16534770936148452,0.17303542372496167
66,6w6wDhgTzteP1tCBvK6fnw,Loie,"Lounges, Nightlife, Bars, Restaurants",Philadelphia,2.5,0.21275281935606477,0.04977813426082476,0.176841790971014,0.060039558778642844,0.30749445226779715,0.19309324436565645
67,7HE_mWkvZ8GxsP0sLP-_ng,The PokéSpot,"Fast Food, Poke, Food, Restaurants, Hawaiian, Japanese",Philadelphia,4.0,0.23462994196160566,0.24472282221790737,0.008580256837860716,0.23656043982498245,0.09056323026643578,0.18494330889120802
68,7lOWx72SeKTuUDuW51aYNw,Salvatore's Pizzeria,"Restaurants, Pizza",Philadelphia,4.5,0.7727794886792982,0.0,0.017731447034223614,0.20948906428647815,0.0,0.0
69,7lYSam2Ci_1WzzoUicug3w,Checkers,"Restaurants, American (Traditional), Fast Food, Burgers",Philadelphia,2.0,0.5,0.0,0.0,0.11824162703336485,0.016698247246790813,0.3650601257198443
70,7lwe7n-Yc-V9E_HfLAeylg,Pub & Kitchen,"Restaurants, Pubs, Food, Bars, American (New), Nightlife",Philadelphia,3.5,0.3489417389397464,0.09319007762362436,0.07293895882612711,0.18108991153460477,0.18499626327564664,0.11884304980025072
71,7n0qmplNMqPLkcRfI2_ieA,Minar Palace,"Buffets, Pakistani, Restaurants, Indian",Philadelphia,3.0,0.3188432337700739,0.11582614511244275,0.09563334877795875,0.18621424942824216,0.14605232829286416,0.13743069461841828
72,7z16CBc74GhbyqalwZrJUQ,Ting Wong Restaurant,"Noodles, Asian Fusion, Restaurants, Chinese, Seafood",Philadelphia,4.0,0.25409472712699993,0.1984113382326787,0.052375818095026144,0.16811401279571128,0.14106800558884197,0.18593609816074202
73,8HAs-c3bh_tr4ggiYAlZng,sweetgreen,"Soup, Salad, Vegan, Restaurants, Vegetarian",Philadelphia,3.5,0.3849238040127826,0.12790215213994618,0.018439825713409227,0.22508140838475577,0.14865006019238702,0.09500274955671928
74,8VfQxXmbPdn8zvsVpYcBWA,Cafe L'Aube,"Food, Internet Cafes, French, Bakeries, Cafes, Coffee & Tea, Restaurants",Philadelphia,4.0,0.3890206547966897,0.04514207810777998,0.003789073537785797,0.3403866057041511,0.12005487593635954,0.10160671191723399
75,8pqdJjefYq-a9IBSJJmKwA,The Dandelion,"British, Restaurants, Gastropubs, Bars, Nightlife",Philadelphia,4.0,0.29273482620690006,0.07266962198938093,0.10237516060507547,0.18263483259354854,0.23590151044395483,0.11368404816114018
76,981Xj6Sey1CjyP6WQ70lzg,Waterfront Gourmet Cafe & Deli,"Coffee & Tea, Cafes, American (Traditional), Restaurants, Caterers, Sandwiches, Event Planning & Services, Food, Delis, Bagels",Philadelphia,4.0,0.2747304929108626,0.04042657935960209,0.13813622024544728,0.08514200320214352,0.27529658093399206,0.18626812334795242
77,9JSv_XGIjTt_uwE6fVctMQ,Marathon,"Restaurants, American (New)",Philadelphia,2.5,0.31429270144015586,0.05317798655972581,0.010530803727137028,0.26512702145059286,0.1559905536192657,0.2008809332031227
78,9RmCMNxgGe7vX5MYF_TM4Q,Wawa,"Restaurants, Sandwiches, Coffee & Tea, Delis, Food",Philadelphia,3.0,0.35065633663797513,0.017233896392414714,0.03907544431038054,0.4753094384169364,0.11772488424229322,0.0
79,9THOqAjKxNGHYVqobMEVWA,The Crocodile,"Nightlife, Arts & Entertainment, Food, Pizza, Restaurants, Beer, Wine & Spirits, Bars, Music Venues, Lounges",Philadelphia,3.5,0.32267060444255047,0.0,0.06853664667323156,0.01775045317423285,0.33618948492142237,0.25485281078856276
80,9c7MUiE6VI8NesjPdj5FkA,Bubblefish,"Restaurants, Sushi Bars, Japanese, Bubble Tea, Taiwanese, Food",Philadelphia,4.0,0.39914666751901695,0.12340473268325765,0.09672395465494982,0.18425797692077828,0.1232067433195386,0.07325992490245871
81,9ciFIt5951W-InCyYqs0CQ,Cucina Forte,"Restaurants, Italian",Philadelphia,4.0,0.39662546336694504,0.014011951150248874,0.012499367165382242,0.15626393169403413,0.22493549522174708,0.19566379140164267
82,9gObo5ltOMo6UgsaXaHPWA,R2L,"American (New), Lounges, Nightlife, Cocktail Bars, Bars, Restaurants",Philadelphia,3.5,0.3196398373845784,0.08297226726003976,0.03203780398089766,0.22329990213793602,0.2231676801631672,0.11888250907338097
83,9ggTidLF9LPNdyWdCGtrYg,Gooey Looie's,"Sandwiches, Cheesesteaks, Restaurants, Delis",Philadelphia,4.5,0.23608416541871582,0.03236687492024486,0.011215502888710668,0.23631386950727556,0.32648969996134275,0.15752988730371034
84,9mA9qYqiv4c0T9ASid3PIQ,The Capital Grille,"Seafood, Restaurants, Wine Bars, American (Traditional), Italian, Steakhouses, Bars, Nightlife",Philadelphia,4.0,0.20927468639950192,0.17822508047832378,0.010490718098544592,0.19603458489681408,0.2619983843845498,0.14397654574226582
85,A55glg6ynzqjNAbRyTI3ig,Nifty Fifty's,"Fast Food, Breakfast & Brunch, Juice Bars & Smoothies, Desserts, Burgers, Restaurants, Food",Philadelphia,3.5,0.060577927674640285,0.0,0.0,0.0789491159865791,0.8604729563387806,0.0
86,AAvoBxeUwDnD5ThE9Cz6Fg,L'anima,"Italian, Seafood, Mediterranean, Restaurants",Philadelphia,4.0,0.07807943904239406,0.40109441964968723,0.0,0.19582025680272883,0.21312181888017476,0.11188406562501511
87,AqXAY71HZDnOV_qG1H0GpA,Don Chucho,"Food, Restaurants, Mexican",Philadelphia,2.5,0.17001069915012829,0.0,0.017300147061976294,0.4712750938798826,0.27119106613579896,0.07022299377221383
88,AvdhZ3RgY3xJbW-JMACcMg,J C Chinese Restaurant,"Restaurants, Chinese",Philadelphia,2.0,0.2310716673190747,0.00687884172915604,0.07128750668122037,0.23515856989487716,0.3987223031447979,0.05688111123087378
89,B08ELtRljjxnefQ3ayqUZg,SOHO Pizza,"Pizza, Restaurants",Philadelphia,3.5,0.33278466963498293,0.05739782514188532,0.07277744772777998,0.1705883210140125,0.19081377749026532,0.17563795899107393
90,BM92j54mc-c-6MWqWSimRw,Dmitri's,"Restaurants, Mediterranean, Greek, Seafood",Philadelphia,3.5,0.20548655034503663,0.138053706596681,0.05182943825141358,0.1912085596547112,0.25807058275168143,0.1553511624004761
91,BUEx8JCXx5v81EEVAIUC-Q,Parkway Corner Deli,"Bars, American (Traditional), Beer Bar, Restaurants, Sandwiches, Beer, Wine & Spirits, Nightlife, Breakfast & Brunch, Delis, Food, Grocery",Philadelphia,4.0,0.4385545947875834,0.1532796183709523,0.017995929592547633,0.21895507923491306,0.0001640720113167322,0.1710507060026869
92,BfQ4W2cNB2ZSd7yaAhE_BA,PHS Pop Up Garden,"Parks, Active Life, Beer Gardens, Mexican, Local Flavor, Restaurants, Nightlife, Bars, Beer, Wine & Spirits, Food",Philadelphia,4.5,0.22170332959126393,0.12478922668945132,0.18487663017679343,0.23961149160921744,0.18374647538029074,0.04527284655298316
93,BnprLJ4Lr33--YjTmgk9Zg,Doma,"Restaurants, Korean, Japanese, Sushi Bars",Philadelphia,4.0,0.21258333018901412,0.08304298565410072,0.10796613873628655,0.09849071923567564,0.37487206604727635,0.12304476013764658
94,C6ZTVm4BmpazpUTNzgVSqw,Subway,"Restaurants, Sandwiches, Fast Food",Philadelphia,3.5,0.4532749599102787,0.27091354704317283,0.13877876836818653,0.07069421606549556,0.056596795994587744,0.009741712618278643
95,C809UuprygJyEgJw4wr2Pg,Domino's Pizza,"Chicken Wings, Sandwiches, Restaurants, Pizza",Philadelphia,1.5,0.3202263811418618,0.0879415912202278,0.018435198917424064,0.18904397218396593,0.18867562701812648,0.19567722951839392
96,CNVC7kz8xTaRMOiE7XdEQw,26 North BYOB,"Restaurants, Seafood",Philadelphia,4.0,0.25162395135817817,0.527058116679475,0.0,0.0,0.22131793196234692,0.0
97,CR_hm3-T9HEGGWTElXErRw,McDonald's,"Restaurants, Fast Food, Food, Burgers, Coffee & Tea",Philadelphia,1.5,0.2411482445149251,0.1441133422755404,0.007005613393270433,0.30168849261509634,0.09411048043454229,0.2119338267666255
98,CU0yiz9rIm6cBkdCGFwJiQ,Waterfront Gourmet Cafe & Deli,"Sandwiches, Cafes, Delis, Restaurants",Philadelphia,4.0,0.4405304073039803,0.0,0.002079665586003267,0.2805440606042171,0.18993484602130023,0.08691102048449917
99,CY9cIgT7EU0ot-3WyiOAiw,Mama Angelina's,"Restaurants, Pizza, Sandwiches, Cheesesteaks",Philadelphia,3.5,0.4390130910337151,0.11253705995416236,0.003458480115042096,0.0876873708582187,0.22758100844654874,0.12972298959231293
100,Cfpv0IjS0lI4CgF1fpbF_w,The Original Snockey's Oyster & Crab House,"Seafood, Restaurants",Philadelphia,2.5,0.2444158517010647,0.10741152857398452,0.036386952399256656,0.19150665825359656,0.2803936522770775,0.13988535679502007
101,CiTYWOKcXTZYztsT43wb5g,Tela's Market & Kitchen,"Specialty Food, Food, Breakfast & Brunch, Restaurants, Salad, Sandwiches, Grocery, American (New)",Philadelphia,4.0,0.2907267575616482,0.09675000248531862,0.06467177223666963,0.2376101869744026,0.2308563374912598,0.07938494325070111
102,Cmfs_i-FtaR6O1C07OEcOg,Dock Street Brewery South,"Venues & Event Spaces, Event Planning & Services, American (Traditional), Restaurants, Breweries, Brewpubs, Food",Philadelphia,3.5,0.27726372819128087,0.13056079693833944,0.028914176758219,0.0742637577037255,0.21275491720989193,0.2762426231985432
103,CpBuc0aSueBpTXce3fJoRQ,Fiore Fine Foods,"Restaurants, Food, Pizza, Cafes, Bakeries, Desserts, Breakfast & Brunch, American (New), Italian, Coffee & Tea",Philadelphia,4.5,0.21083937018620358,0.030076231169699267,0.0,0.0,0.211184406988663,0.5478999916554342
104,D4DZztR7vkbiED6txGUYFg,Red Kings 2 Restaurant,"Nightlife, Karaoke, Food, Szechuan, Chinese, Restaurants",Philadelphia,3.5,0.3291738261013517,0.02641042422594227,0.01257266261808867,0.14772115057806937,0.3505018664262166,0.13362007005033147
105,D4PD-ZKV06keByyoouJzhg,Mack's Boardwalk Pizza,"Food, Pizza, Restaurants",Philadelphia,3.0,0.2974934735376502,0.13530833805728779,0.15946125606365483,0.10371434212393374,0.27301920495890375,0.03100338525856975
106,DJJtybSWY0BygESsSrabqg,Texas Wieners,"Breakfast & Brunch, Restaurants, American (Traditional), Burgers, Food, Hot Dogs",Philadelphia,4.0,0.37215706510939617,0.24237246985161284,0.0,0.0,0.17848437923496335,0.20698608580402772
107,DKXeB-JIou5XPI49CzITuQ,China House,"Restaurants, Chinese",Philadelphia,4.0,0.5284333024327776,0.12245725668631058,0.06611556086039477,0.08991109787186836,0.15243312676261608,0.04064965538603259
108,DRr5xdfHtqgWfhmdTU1B8Q,London Grill,"Breakfast & Brunch, Italian, Restaurants, American (New)",Philadelphia,3.0,0.29051696382381437,0.08412950627677047,0.08082873452238513,0.2065726368030998,0.1818117875890493,0.15614037098488093
109,D_JgJY5V54i0EYOdTHmWlg,Toast,"Food, Restaurants, Coffee & Tea, Breakfast & Brunch, Cafes, American (New)",Philadelphia,3.0,0.23869616779345948,0.15682997551105268,0.03905321200744419,0.21897888002279367,0.19413966039352204,0.15230210427172794
110,D_jS6w2j1mFzb2KoYncCaA,NBC Sports Arena,"Nightlife, Sports Bars, American (New), Bars, Restaurants, Food, Beer, Wine & Spirits",Philadelphia,3.5,0.13269005869108788,0.07685832422867406,0.7127308416351118,0.05866571464705992,0.0,0.019055060798066268
111,DsKzHnkLKnxZTVsFpts4oA,Red Owl Tavern,"Breakfast & Brunch, American (New), Restaurants",Philadelphia,3.5,0.32372683526821433,0.09304031634822311,0.022500659239052156,0.16476407084028255,0.2846413871207107,0.1113267311835172
112,Duf-k9b1xpuK33BGCLWQ6w,Quetzally,"Restaurants, Latin American, Tex-Mex, Mexican",Philadelphia,4.0,0.40624556062406525,0.07403940481092743,0.01821727448725197,0.11468438989639605,0.28375181003232786,0.1030615601490314
113,E-DcL1u330qwvoxXhipmUQ,George's Sandwich Shop,"Italian, Cheesesteaks, Restaurants, Sandwiches",Philadelphia,4.0,0.3499477677396973,0.24086109523271237,0.010776429308547235,0.20226919782363292,0.06396117261169959,0.1321843372837105
114,E8jXRCHPjcUTFboBPQY6LQ,Mifflin Tavern,"Gastropubs, American (New), Breakfast & Brunch, Restaurants",Philadelphia,4.5,0.13205518313860398,0.0,0.0,0.0,0.2955535954659644,0.5723912213954316
115,EGqZQOR7R2Y_izHXiAx7Qw,Chopstick & Fork,"Breakfast & Brunch, Restaurants",Philadelphia,3.0,0.24005304537971453,0.0,0.049188206432844675,0.613226608667227,0.08091964835217058,0.01661249116804328
116,ES5-3q2LzvChQWlhbFCZWw,Tacos California,"Restaurants, Tacos, Mexican",Philadelphia,3.5,0.26803274883739125,0.05017442151503961,0.0009554136801918398,0.08900278755620235,0.2024858038630223,0.3893488245481526
117,EUnnoesZTelOv_bT4GvZjg,Tony's Deli,"Delis, Diners, Restaurants, Breakfast & Brunch, Caterers, Event Planning & Services",Philadelphia,4.0,0.446911209065301,0.09677270010421762,0.0,0.2817267407616493,0.12348434265216413,0.05110500741666791
118,EhotxJEJxpMgCJ0F82Buvg,The Olde Bar,"Breakfast & Brunch, Restaurants, Bars, American (New), Lounges, Cocktail Bars, Nightlife, Seafood",Philadelphia,4.0,0.3811963931713368,0.19047381440923175,0.04715128850685587,0.12043895444129456,0.18243110994819575,0.07830843952308532
119,EmIrNcZkTUF3mhoWQAT6Bg,Jyoti Indian Bistro,"Restaurants, Indian",Philadelphia,4.0,0.059126269932975074,0.017317054004990166,0.0,0.0,0.008850711385562397,0.9147059646764724
120,EreYgrQPuR7Sk_FKeZZg9g,Talula's Daily,"American (Traditional), Food, Bakeries, Specialty Food, Restaurants, Bars, Ethnic Food, Cafes, Beer Bar, Coffee & Tea, American (New), Nightlife",Philadelphia,4.5,0.2751847473611056,0.017619980237491027,0.16762316046529102,0.2265405367708941,0.27401414196338375,0.03901743320183449
121,F00qGEKYhqD43At669lcjw,La Stanza,"Bars, Restaurants, Nightlife, Cocktail Bars, Italian, Seafood",Philadelphia,3.5,0.511049835580024,0.34239956975279645,0.053427357533819386,0.07256348502741886,0.0,0.020559752105941236
122,F8yozE3NWnImNApHO347gQ,Marrakesh,"Restaurants, Mediterranean, Moroccan",Philadelphia,4.5,0.33392168981896947,0.08744704676461744,0.018455655049927883,0.2779550487466961,0.1731227386882094,0.10909782093157976
123,FClTbPhPbslS8uk0p8leOw,Pumpkin Market,"Restaurants, Food, Sandwiches, Breakfast & Brunch, Grocery, American (New), Cafes",Philadelphia,4.0,0.21578795815073765,0.22630858809158988,0.010243295986995762,0.11863328244777178,0.06669501520194837,0.36233186012095653
124,FImeJg7pVG9K7wjuexmV4Q,Pass & Stow,"Pizza, Beer Gardens, Bars, Nightlife, Pubs, Restaurants",Philadelphia,4.0,0.0,0.5235190713717668,0.04850886415562032,0.0,0.3304287811267449,0.09754328334586809
125,FP5fr2zUeTEhI4-TGEeVCA,Vietnam Express,"Vietnamese, Sandwiches, Juice Bars & Smoothies, Restaurants, Bubble Tea, Food",Philadelphia,4.0,0.6142671181021668,0.0,0.0,0.27252359423304645,0.007628522743132402,0.10558076492165427
126,FnEkr6LzjuGsg93Z7fkl7Q,Misconduct Tavern,"Bars, American (New), Nightlife, Restaurants",Philadelphia,3.0,0.3548717535792381,0.14266530102061817,0.015350591218760977,0.19945662030013897,0.11523427831747332,0.17242145556377042
127,Ft5fpvevlnMJbugX_w2YsQ,Grey Social,"Lounges, Restaurants, Bars, Nightlife",Philadelphia,2.5,0.13526786022218285,0.09497368943231485,0.0,0.11799199981641856,0.5735662856722604,0.07820016485682335
128,GROalyyK79uPqR8GnwpRTw,Saigon Maxim Restaurant,"Chinese, Event Planning & Services, Vietnamese, Restaurants, Venues & Event Spaces",Philadelphia,2.5,0.44309895768075885,0.15607317840752494,0.035773096010097954,0.2010649309822591,0.09959558461617081,0.06439425230318833
129,GhJ0L2bavp3FjOF9C9ghdA,Pad Thai Shack,"Thai, Restaurants",Philadelphia,1.5,0.33558700020252286,0.04526068887118925,0.022347706933794533,0.2027444580290391,0.27481745112951933,0.11924269483393495
130,HAUzjmv7YWHulWLsgdgmIw,Ten Asian Food Hall,"Asian Fusion, Japanese, Restaurants, Ramen, Bubble Tea, Poke, Food",Philadelphia,3.5,0.1408599503421862,0.08179029175091418,0.18335677264565256,0.22726830178463278,0.3153037276885925,0.051420955788021694
131,HCIMrCc5OBJyTwicV_7GQw,Devil's Pocket Food & Spirits,"Diners, Bars, Restaurants, Pubs, American (New), Nightlife",Philadelphia,4.0,0.3531039370805875,0.09978964752740833,0.022319324021880763,0.02987350203117305,0.37878307583728094,0.11613051350166945
132,HI9RLpYxQa3IcVZ2wVvJzQ,Charley Dove,"Mediterranean, American (Traditional), Restaurants",Philadelphia,4.0,0.30641063196692797,0.0016700666477600693,0.019429904671569204,0.2429148346297613,0.14760230978788624,0.28197225229609524
133,HLrDflJTscXg3OuuU0SYkg,YOLO,"Food, Coffee & Tea, Restaurants, Cafes",Philadelphia,2.0,0.22807971387017997,0.19227477713193525,0.004402547940219931,0.01366761256566117,0.29823200735970445,0.2633433411322992
134,HtEd7ZDKlR0nQZbc_QWn0A,South Street Pizzeria,"Restaurants, Pizza",Philadelphia,1.5,0.4006939620969372,0.13249076688063083,0.014572984311323556,0.073058208744034,0.3648352195754462,0.01434885839162824
135,INzXxeWaJD0dXM5mi6bP3Q,El Zarape,"Restaurants, Mexican",Philadelphia,3.5,0.45901296147324594,0.030815373435015128,0.09792701658042798,0.15825101286279297,0.2315901187111695,0.022403516937348458
136,IU6FsZm-1BAEymLBYJ_PMQ,Mattei Family Pizza,"Pizza, Restaurants",Philadelphia,4.5,0.07885318593822772,0.48258235891677126,0.2589523144581756,0.07074097754600361,0.006406436405929449,0.10246472673489236
137,Ipkx4Sa7ybn8C6LtTqTztw,Double Knot,"Nightlife, Sushi Bars, Cafes, Japanese, Bars, Restaurants",Philadelphia,4.5,0.342342155267427,0.10604484518736451,0.05181574520212154,0.17431283520042834,0.22886332375217316,0.09662109539048543
138,Iq5svbpQv05faAs1i4G-IA,Johnny Chang's,"Restaurants, Thai, Japanese, Chinese",Philadelphia,3.5,0.33641217373455673,0.03079960426401034,0.00882448275473963,0.11106631612256102,0.2556313687497055,0.25726605437442684
139,Iyopb5uFIBT_HOgp8ipSfw,Le Viet Restaurant,"Vietnamese, Restaurants",Philadelphia,4.0,0.31030942631416336,0.07936763596392551,0.10053055018620177,0.18161670380531708,0.1763436329401995,0.15183205079019285
140,J0_WwhnmqLLR83WArIUdEg,Haute Restaurant & Lounge,"Breakfast & Brunch, American (Traditional), Bars, Lounges, Nightlife, Restaurants",Philadelphia,2.5,0.40542630812854563,0.043079759058183204,0.09740279690961115,0.03293387092638206,0.3166416133404288,0.10451565163684913
141,J3nx8u-uRRejlfyP9KjFhQ,McFadden's,"Nightlife, Bars, Restaurants, American (New)",Philadelphia,2.0,0.3723976357171004,0.07956895773267039,0.021811544803078012,0.19680195782472468,0.2526237363145538,0.07679616760787272
142,Jmm8H0GCKaLtKOEM1brLeA,Moe's Hot Dog House,"Restaurants, Hot Dogs, Diners",Philadelphia,4.0,0.1025536745130927,0.054613165222317676,0.007585788385017116,0.05132538788962382,0.34587585382737174,0.43804613016257693
143,K1PVi_o6gMkuASnnFR9hWw,Good Day Deli,"Restaurants, Delis, Sandwiches",Philadelphia,4.0,0.36251562378463165,0.0040826835731695614,0.0038605728327541313,0.415949110292653,0.0,0.21359200951679164
144,KMQrA590JiprwoOnu4UKVQ,Park Salad Bar,"Asian Fusion, Pizza, Salad, Restaurants, Chinese",Philadelphia,3.5,0.17740745689636225,0.0,0.02423248080805309,0.1217862474041064,0.6765738148914782,0.0
145,KUYLBfW9vRNmhBn5mmRSQg,Adobe Cafe,"Restaurants, Wraps, Nightlife, Tex-Mex, Bars, Sandwiches, Breakfast & Brunch, Mexican",Philadelphia,4.0,0.40783303393586234,0.0,0.07182469532184282,0.1583336767838483,0.26030863392137715,0.10169996003706945
146,KkCkP7Va_4OD25Q35UyynA,Parmigiana,"Restaurants, Italian",Philadelphia,4.5,0.4767654174863407,0.0,0.3658515593227404,0.0,0.0034182137019489797,0.15396480948896987
147,KzSL2VzyT7bdHd0bhMyanw,Da Vinci Ristorante,"Restaurants, Italian",Philadelphia,4.0,0.20469141017603223,0.16862605268312275,0.0030358649174074674,0.13304522197115787,0.37966316351514773,0.11093828673713191
148,LM54ufrINJWoTN5imV8Etw,John's Roast Pork,"Sandwiches, Salad, American (Traditional), Cheesesteaks, Breakfast & Brunch, Active Life, American (New), Beaches, Restaurants",Philadelphia,4.5,0.31978326416284025,0.1430229154548534,0.06835728671020716,0.12411275687472954,0.20711763308004352,0.13760614371732616
149,LzVvcVm48zYIcQnwLKt1oA,Catahoula,"Bars, Restaurants, Cajun/Creole, American (Traditional), Breakfast & Brunch, Barbeque, Nightlife",Philadelphia,4.0,0.4127306479401621,0.08943857973193692,0.02356599084997169,0.12381275424689608,0.2089217590623177,0.1415302681687155
150,M-7oMEiSskwElF4PRh5UKg,Smokes Poutinerie,"Restaurants, Chicken Shop, American (Traditional), Poutineries",Philadelphia,4.0,0.3898151236708314,0.315737585614471,0.012821878338100985,0.07128313108364788,0.022878542177263202,0.18746373911568548
151,M0NNxVaepbnGSHQEXyxt8Q,Chiarella's Ristorante,"Italian, Restaurants",Philadelphia,4.0,0.3297447656941409,0.3340788875999793,0.008344930350433323,0.1223080966808341,0.1151181684981607,0.09040515117645163
152,M3XidaggiVRg2g0miuBn-g,Thai Chef & Noodle Fusion,"Vietnamese, Vegetarian, Thai, Restaurants, Vegan",Philadelphia,3.0,0.3930064807062074,0.10244009322467054,0.03562162431343328,0.1765590184136963,0.255062405258116,0.037310378083876446
153,MMmAjGRH4KRXrGbKO9cseA,Sakeya Japanese Restaurant,"Venues & Event Spaces, Bars, Restaurants, Nightlife, Japanese, Event Planning & Services, Lounges",Philadelphia,3.0,0.4040205282372528,0.0440334267000353,0.019473264804793833,0.0747873328015735,0.2836366220979581,0.17404882535838642
154,MMs3kznm5GqTlie0vTnYzg,Antney's Grub,"Restaurants, Italian, Sandwiches, American (New)",Philadelphia,3.5,0.34947400225158465,0.07016406573581851,0.01911258153485043,0.11102141268592747,0.25629911443839704,0.19392882335342193
155,MNv5nQf1KgTUi7zFeDEazA,20th Street Pizza,"Vegan, Restaurants, Pizza",Philadelphia,4.5,0.4907593352934951,0.06945746645065362,0.02956423171465929,0.15314124956418773,0.20711901999025467,0.04995869698674966
156,M_EpyAH1CZZVlhxfYBLOqg,Nomad Pizza Company,"Pizza, Italian, Salad, Restaurants",Philadelphia,4.5,0.34226910943555294,0.05622109190407641,0.19054801097733481,0.14096816853231117,0.20360768637117843,0.06638593277954626
157,Mm0_9ASJUhxVbjALMaTw6Q,Chestnut Food Market,"Breakfast & Brunch, Restaurants, Delis, Sandwiches",Philadelphia,3.5,0.3564617683329968,0.1239224434842875,0.04007973575237153,0.390433751900255,0.0,0.08910230053008913
158,Mwc3n5Psw9wRaQ22vZWDYQ,Bar Hygge,"Food, Restaurants, Breweries, Comfort Food, Brewpubs, Breakfast & Brunch, Gastropubs",Philadelphia,4.5,0.3555813113770885,0.04087234068638385,0.024237477081468586,0.19298750110717655,0.16427615069512974,0.2220452190527528
159,N1Ju3Uv-ALtIXJobgaiu_A,Mizu Sushi Bar,"Sushi Bars, Restaurants",Philadelphia,3.5,0.7469623322641936,0.0004895430500326611,0.04616679033146839,0.0,0.20638133435430525,0.0
160,N3HR10CFp-YWxhWuaxOekA,Ludwig's Garten,"Nightlife, Restaurants, German, Bars",Philadelphia,4.0,0.08163798753699633,0.5427459443304481,0.0,0.3480386320983903,0.012174891282496755,0.015402544751668567
161,N5xoEy9GLtHDvCLa8dMgyA,Felly Bistro On Pass,"Spanish, Puerto Rican, Restaurants, American (New), French, American (Traditional), Caribbean",Philadelphia,4.5,0.004920515855904669,0.23898850442675149,0.010788833892614893,0.2584641369919568,0.23227042131799647,0.2545675875147757
162,NAfITNb2HzObDVktNs3DmA,Kay Kay's,"Pizza, Cupcakes, Food, Cafes, Restaurants, Bakeries, Custom Cakes",Philadelphia,4.5,0.28837367538508135,0.4636884348657997,0.02107418639117554,0.15784957475060607,0.0,0.06901412860733744
163,NDIiNcJZpdoQpXGXl7IA2Q,Los Camaradas,"Mexican, Restaurants",Philadelphia,4.0,0.3565297488727563,0.09440251519326785,0.017375698570783093,0.24803576812935785,0.1603270922187153,0.12332917701511961
164,NDb1YaV6Dls7SRW6dPtIOQ,Spiga,"Italian, Restaurants",Philadelphia,3.5,0.14653163341282516,9.481103197351907e-05,0.0,0.21048182266539844,0.6311416549299901,0.011750077959812795
165,NFU5RC8-UCzwq7RPHI4UoA,El Rey  at  Baja Room,"Mexican, Restaurants",Philadelphia,3.0,0.5385372694415963,0.09369046047959063,0.06623739831657217,0.054251206148914134,0.22477904460283274,0.022504621010494025
166,NMnxLORhLb4sxEbvx45qfQ,Ho's Chinese Restaurant,"Restaurants, Chinese",Philadelphia,3.0,0.0,0.0,0.0,0.0,1.0,0.0
167,NMtUD873aWrNjljt3VOcFA,Juniper Commons,"American (Traditional), Breakfast & Brunch, Restaurants, Diners",Philadelphia,3.5,0.38449413658467285,0.0630252958134454,0.002752931960037164,0.1136856522546549,0.23142565924240127,0.2046163241447884
168,NUExM8_IQMh1csfeWs3PyQ,Hi Kori,"Bars, Japanese, Restaurants, Nightlife",Philadelphia,4.5,0.43201887265299754,0.39350214559332836,0.03701309607034713,0.08998433747680945,0.0,0.047481548206517475
169,NWF16GKQyZNVHo086gIVzQ,Kamals Middle Eastern Specialties,"Middle Eastern, Food, Restaurants, Mediterranean, Juice Bars & Smoothies",Philadelphia,3.5,0.36173383069936554,0.18433473236035722,0.013867280008444295,0.19347108538474755,0.15821509677742593,0.08837797476965949
170,NXq1TC8CjIQ_2HWMSoN2Mg,Tweed,"American (New), Restaurants",Philadelphia,3.5,0.3772411310644641,0.12312644752159178,0.0001443463383477102,0.08858769958484769,0.255675621305261,0.1552247541854877
171,NaRqFZ_l3LCHnX9j2TND-Q,Saladworks,"Vegetarian, Salad, American (Traditional), Soup, American (New), Sandwiches, Restaurants",Philadelphia,2.5,0.4096341788822496,0.05585282227475284,0.0647675098844377,0.059912360397563244,0.2740984395226424,0.13573468903835426
172,Njv2-eMDyGEWEPEOVonwsA,Le Pain Quotidien,"Belgian, Coffee & Tea, Bakeries, Food, Breakfast & Brunch, Restaurants",Philadelphia,3.5,0.3359837913020576,0.13875740484698265,0.017182472308585474,0.1666928382157583,0.12589212058383317,0.2154913727427828
173,O0jIkgflIoU-PYNydIuMeQ,13 Restaurant,"American (New), Nightlife, American (Traditional), Restaurants, Buffets, Bars, Steakhouses",Philadelphia,3.0,0.24368620893976303,0.08851738230378577,0.06786757494598882,0.17362103289965186,0.1912499933405058,0.2350578075703047
