,business_id,name,categories,city,stars,topic_1,topic_2,topic_3,topic_4,topic_5,topic_6
0,-2-ih3mE8KPyeKVIzpBfPQ,SkyGarten,"American (Traditional), Bars, Restaurants, Nightlife, Beer Gardens",Philadelphia,3.5,0.17004291618640535,0.0,0.0,0.01406361979247577,0.1451677153045889,0.67072574871653
1,-T_lkOvaK39R-Ufg6VUyxg,Magpie,"Desserts, Food, Coffee & Tea, Restaurants",Philadelphia,4.5,0.49907977172641155,0.016985644278063212,0.18418033473136777,0.14543289085338038,0.09859212336076735,0.05572923505000974
2,-V0vIgo6196MDn_x3ZaYmA,La Creperie Cafe,"Restaurants, Cafes, Creperies",Philadelphia,3.5,0.22433525440587823,0.16413054406045627,0.03775037744238224,0.22731104290846904,0.27245030396548403,0.07402247721733017
3,-cEFKAznWmI0cledNOIQ7w,Gran Caffe L'Aquila,"Restaurants, Gelato, Coffee & Tea, Food, Italian, Bakeries",Philadelphia,4.5,0.40809190235756826,0.033833313595647244,0.011598826474942443,0.10252579237125466,0.33031996714703576,0.11363019805355157
4,-lVEVi3vtQ8_L9kKT0bBwQ,Le Chéri,"Restaurants, French",Philadelphia,4.0,0.532324784201873,0.006310283091520372,0.00426417673903142,0.02010360821379515,0.3522851832427612,0.08471196451101884
5,-mIlmp5l4hKlp1tvHRdvTg,Sonny's Famous Steaks,"Cheesesteaks, Comfort Food, Restaurants, Delis, Burgers, American (Traditional), Sandwiches, Local Flavor",Philadelphia,4.0,0.09112464122403681,0.6138453523869352,0.017745387324361983,0.11933432627914346,0.11608061793184195,0.04186967485368062
6,-nIXhxPvxST6bTuj9jo1UQ,DaMò Pasta Lab,"Italian, Pasta Shops, Restaurants, Food, Specialty Food",Philadelphia,4.5,0.5386348508890296,0.010159754760313135,0.056286678536200035,0.16025407288885257,0.2218248551846047,0.01283978774099992
7,03cvVjbkCOtiIt51M-MLFg,Prime Halal Meat,"Restaurants, Specialty Food, Meat Shops, Food, Halal, Grocery",Philadelphia,4.5,0.21492916965245978,0.4902925381562854,0.012645705949071395,0.10004402667808317,0.18208855956410036,0.0
8,0SWqECZ39P2MlmeXbKnUjg,Asia On the Parkway,"Singaporean, Restaurants, Asian Fusion, Thai",Philadelphia,3.0,0.3288855556351654,0.0022513155528857626,0.009682262435539064,0.13055166459348896,0.3176030632545106,0.21102613852841018
9,0ak-7uV9Nb7nF_l-mMCysA,Oishii Poké,"Restaurants, Mexican, Food, Hawaiian, Poke, Japanese",Philadelphia,4.0,0.5168591210660102,0.002420519276562501,0.06778290574807493,0.2276089654151337,0.1548959787125798,0.03043250978163892
10,0bvtIbpsqBJZpRKSPwIfNw,Panorama,"Hotels & Travel, Bars, Food, Wine Bars, Beer, Wine & Spirits, Event Planning & Services, Nightlife, Hotels, Gluten-Free, Restaurants, Italian",Philadelphia,4.0,0.40057306337441695,0.0656523537800962,0.011274269332231319,0.05033885131717027,0.32030577127161597,0.15185569092446927
11,0p5Q__lOXxnp74afXHP5tg,Jasmine Rice - Old City,"Restaurants, Thai",Philadelphia,3.5,0.4536080227955364,0.0,0.016640005082735963,0.13742186892728386,0.3923301031944438,0.0
12,0pnIIgi4sm96CllW0DhXug,Il Pittore,"Restaurants, American (New), Diners, Italian",Philadelphia,4.0,0.5657363639423896,0.04558377191170049,0.005493496873386745,0.0758538835295389,0.15727790153758858,0.15005458220539575
13,0xadnlAs2uV7Ax-7RViZEw,Ikki Sushi,"Sushi Bars, Japanese, Restaurants",Philadelphia,4.5,0.42981257024678965,0.025442547823775793,0.0,0.006683366861100798,0.5380615150683338,0.0
14,0zf4KKZqbqoxiuKzeZLDdg,PrimoHoagies,"Italian, Sandwiches, Restaurants",Philadelphia,3.5,0.10115907173738907,0.25857396441103847,0.058614850437783333,0.33915884034254645,0.16005627613791204,0.0824369969333306
15,17Y8circEnkMMXKfLo8Ztg,Bitar's,"Restaurants, Middle Eastern, Falafel, Bakeries, Food, Greek, Mediterranean",Philadelphia,4.0,0.35646350510798736,0.13839424094165179,0.02582186718791342,0.22535416221263144,0.2213086053092085,0.032657619240607456
16,1CCG0WYSoR8ejdgD5-Gaqg,Francoluigi's Pizzeria & Italian Restaurant,"Italian, Restaurants, Pizza",Philadelphia,4.0,0.20482027773559225,0.05084247128213334,0.4807788153968757,0.057010537307368374,0.16026959377536726,0.046278304502663084
17,1NCUTTp6rIyXpwUDVv9qOA,Lazos Pizza & Grill,"Pizza, American (Traditional), Restaurants, Italian",Philadelphia,4.0,0.14161910558342927,0.088882754560649,0.5635326854126962,0.022545177161055578,0.1275508293333466,0.055869447948823314
18,1klRUBB6LfKCotq75BVmbA,Thirsty Dice,"Themed Cafes, Eatertainment, Bars, Nightlife, Restaurants, Arts & Entertainment, Cafes, Pubs",Philadelphia,4.0,0.17841496319002098,0.039549774266199614,0.11671534070456402,0.10995659575015226,0.12759126007907623,0.42777206600998685
19,1qciFQiO1RJ83Oh7DRioKQ,Blue Cross RiverRink,"Recreation Centers, Skating Rinks, Active Life, Restaurants, American (New)",Philadelphia,4.0,0.2549485888856483,0.013457196881148029,0.05813381717486928,0.3790673828386055,0.06660108424832535,0.22779192997140346
20,1y3y_ihpO6SHxK9MRdtSlw,Noon Mediterranean,"Mediterranean, Restaurants, Greek",Philadelphia,3.5,0.18002168086968853,0.0,0.021159029399119116,0.28067909883727804,0.5148176926603056,0.003322498233608656
21,2-tG52f0k7V1Vin-4GWn6g,Her Place,"French, Restaurants, Italian, Supper Clubs",Philadelphia,4.5,0.4783265262076063,0.0,0.010576138976064683,0.003475330087176095,0.4459022492636726,0.06171975546548035
22,2hCJpE5I2OfEToUGcvdGRQ,Wajoe,"Korean, Restaurants",Philadelphia,3.0,0.557362508287046,0.10123833028380379,0.03359271684379819,0.1906449931079685,0.07006612217609626,0.0470953293012873
23,2o4CRQ-FreATtbnhlLKWew,The Pizza Place,"Restaurants, Pizza",Philadelphia,3.0,0.15656240929324694,0.0,0.38335267252392463,0.2305517915168225,0.11348843316339328,0.11604469350261265
24,3966MAWoL1GbB8Zjvspx1g,Urban Enoteca,"Nightlife, Bars, Restaurants, American (New), Italian",Philadelphia,3.0,0.7665222608526092,0.0,0.04456142775504088,0.0,0.18891631139235002,0.0
25,3BJxm-HnvzdwD1zjmSbmyQ,Golden Chopstick Chinese Restaurant,"Restaurants, Chinese",Philadelphia,3.0,0.43153508959286757,0.06979730790200409,0.036706180496957126,0.20531039937240517,0.22591756876952385,0.030733453866242284
26,3NsTKp85H2FUjr1SURf0NQ,Greenstreet Coffee Co.,"Restaurants, Food, Cafes, Coffee & Tea",Philadelphia,4.5,0.40647916171068577,0.008167960177172662,2.7255857610192486e-05,0.28520999083282444,0.19223141833878565,0.10788421308292126
27,40O7uKX-uAG_JDrS-OM85w,Umai Umai,"Japanese, Sushi Bars, Asian Fusion, Restaurants",Philadelphia,4.5,0.4685319984619305,0.04742695635527728,0.013799544963153136,0.10706932462192634,0.29926826324800787,0.06390391234970494
28,4D_GsaRoqk7P09VOcgezlQ,B2,"Vegan, Restaurants, Food, Coffee & Tea",Philadelphia,3.5,0.15849441667241534,0.09880666899551309,0.010868150126447781,0.342907172947496,0.25183877031977336,0.13708482093835436
29,4FLz0ha5Gy4dKKl3UFVI6g,The Market Tavern,"Nightlife, Bars, American (Traditional), Irish Pub, Pubs, Beer, Wine & Spirits, Restaurants, Food",Philadelphia,3.5,0.07131422128353532,0.03149028203065352,0.007942496017068748,0.2927381622273194,0.27383493725716407,0.3226799011842589
30,4HRtArZJtcAs10gAE7_bzw,COSI,"Restaurants, Sandwiches, Coffee & Tea, Food",Philadelphia,2.5,0.3399198653047869,0.03954716435887127,0.00038510850539389145,0.4122176221342025,0.09785291117618533,0.1100773285205601
31,4R2KR_-FybS7oegGrXjHVg,Del Frisco's Double Eagle Steakhouse,"Food, Restaurants, Seafood, Specialty Food, Steakhouses, American (Traditional)",Philadelphia,4.0,0.325706083463356,0.2006316524009605,0.007205240263579936,0.06341902495658458,0.27974044981629936,0.12329754909921958
32,4ZZIxkhZrmRpyNiMjmQG8A,Underdogs,"Hot Dogs, Restaurants, Salad",Philadelphia,4.0,0.18167553174771425,0.14493249562904845,0.05680623852668774,0.1955184412113836,0.26143761625933587,0.1596296766258302
33,5-olTgAwRwJyvfvrdEFdSg,StudioKitchen,"American (New), Restaurants",Philadelphia,4.0,0.4096351093020808,0.0,0.0,0.1372000581133475,0.38137866109739843,0.07178617148717324
34,5E7Zk3g6kLsB72J4EX4YkA,Bufad,"Desserts, Event Planning & Services, Caterers, Vegetarian, Pizza, Restaurants, Food, Italian, Venues & Event Spaces",Philadelphia,4.0,0.19025808408382053,0.00658921743665336,0.4758859968472018,0.09876664840090078,0.1720065020786299,0.056493551152793586
35,5IL3rTT-_LHyvVJRVNKxaQ,Victory Beer Hall,"American (New), Pretzels, German, Pubs, Nightlife, Food, Sandwiches, Restaurants, Beer, Wine & Spirits, Bars",Philadelphia,3.0,0.0,0.0,0.01945017377169861,0.11442026951388591,0.06235440035472112,0.8037751563596942
36,5Oidx4OZxCj6Y4SoXQIZsg,Renaissance Sausage Truck,"Restaurants, American (Traditional), Food, Food Stands, Specialty Food",Philadelphia,4.0,0.4419016746808078,0.3251939386680954,0.034737980440356905,0.16148424371392814,0.0,0.03668216249681176
37,5Orn19gUeqCgKu5IRYlvpQ,Popeyes Louisiana Kitchen,"American (Traditional), Fast Food, Food, Chicken Wings, Restaurants",Philadelphia,3.0,0.2219114421528042,0.0012737770153483602,0.01869239222028719,0.17409209150561733,0.5312731417582762,0.052757155347666666
38,5dIS6fNq-t5tdj5X56rTzg,Kosmo Pizza & Grille,"Restaurants, Pizza, Sandwiches, American (Traditional), Food Delivery Services, Food",Philadelphia,4.5,0.1567318139587516,0.07771296358190578,0.567081069750943,0.05326298264619889,0.13240320398127078,0.012807966080929947
39,5eldbLrF_oodWvu1VuEP8w,1925 Cocktail Lounge,"Restaurants, Bars, Adult Entertainment, Lounges, American (New), Nightlife",Philadelphia,2.5,0.0,0.0,0.0,0.0,0.9792671184117601,0.020732881588239938
40,5gqoD4EknTFf-39zz1Fa1w,El Compadre,"Restaurants, Mexican, Breakfast & Brunch",Philadelphia,4.5,0.32581902750127045,0.049790699199113296,0.0,0.25978933931515363,0.2946699232794738,0.06993101070498883
41,5nqWNo7uVU1Zxm4tjnvkUw,Hai Street Kitchen & Co,"Japanese, Asian Fusion, Fast Food, Restaurants",Philadelphia,3.5,0.5946368347357855,0.0648963844194476,0.016518388081974984,0.24650768298706355,0.06389647460701968,0.013544235168708604
42,5tRxcP-pDVeZtcDU-FkQ9A,Brown Street Pub,"Nightlife, Restaurants, Arts & Entertainment, American (Traditional), Bars, Shopping, Art Galleries, Pubs",Philadelphia,3.5,0.1960752353520931,0.025800535335105495,0.0014733710920854565,0.0,0.4122922731297114,0.36435858509100455
43,65m_3aPnCbDjm8nOd5TrQA,Loving Hut,"Internet Cafes, Vegan, Coffee & Tea, Restaurants, Food",Philadelphia,4.0,0.21784782071548084,0.0,0.0,0.5613987976937596,0.08151225652483823,0.13924112506592135
44,68ThEdiK0eWCEgGEmV9Tng,Southgate,"Breakfast & Brunch, American (Traditional), Korean, Restaurants, Gastropubs, Nightlife, Bars, Cocktail Bars",Philadelphia,4.0,0.34668589999224547,0.04704647689464125,0.00994082752109096,0.09263881100927719,0.1867916537279484,0.31689633085479674
45,6CsLAjWXFlLpErBZEmGQ5g,Sky Cafe,"Indonesian, Restaurants",Philadelphia,4.5,0.44319345501909607,0.04411272752438315,0.004087360339003608,0.1139401906467292,0.3272030876537298,0.06746317881705818
46,6HvlBeMH1povoskopmp94Q,Du Jour Commerce Square,"Personal Chefs, Caterers, Salad, Food, Event Planning & Services, Restaurants, Coffee & Tea, Sandwiches, Breakfast & Brunch",Philadelphia,3.0,0.38470033200028786,0.1731141488998753,0.011914420566164619,0.34068424687811727,0.06596210982097678,0.023624741834578137
47,6OTy5-0NdmxgxqCLVuIJaA,M Kee,"Restaurants, Chinese",Philadelphia,4.0,0.3775752079457439,0.2683718577763241,0.0,0.0821135232085912,0.24573542499889334,0.02620398607044742
48,6bmVsTncY7MzLlbraU4aTg,Hibachi Japanese Steakhouse & Sushi Bar,"Japanese, Restaurants",Philadelphia,2.5,0.4601389849610225,0.057427994839182005,0.0034730488837694095,0.0187286149717073,0.21555300399779034,0.24467835234652843
49,6c8eIawbCBu3FLp2kDraBA,Attico Rooftop Lounge,"Tapas/Small Plates, American (Traditional), Beer, Wine & Spirits, Mediterranean, Restaurants, Food, Bars, Cocktail Bars, Nightlife",Philadelphia,3.0,0.14233610013505774,0.017112369256481207,0.005072654070417307,0.07579969401958017,0.3429747749242904,0.4167044075941732
50,6cfNCzL2A0XsmXnjeg0u7w,Cosi,"Coffee & Tea, Pizza, Restaurants, Food, Sandwiches",Philadelphia,2.0,0.3089741645657919,0.22692432221438083,0.016715103129389626,0.1375876567777649,0.2881353452942943,0.02166340801837845
51,6mZ99K1Ge3vkXnygDYw1Jg,Keating's River Grill,"Steakhouses, Seafood, Restaurants",Philadelphia,2.5,0.26158578508014757,0.0594574307932922,0.005176475407921825,0.24432770571893964,0.3580073057960437,0.07144529720365506
52,6mZCkALTvbeWPcc5IAImHg,Robert Chiarella's Gourmet Pizzeria,"Pizza, Restaurants, Sandwiches, Italian",Philadelphia,3.5,0.1296803296727836,0.07556625382375969,0.6549629087000631,0.05464989885749758,0.08514060894589588,0.0
53,6tcFFccjwE4twLkrkqVLPg,Ooh LaLa Salads,"Restaurants, Salad",Philadelphia,3.0,0.6865943655073334,0.0,0.1368201248490045,0.0,0.17658550964366207,0.0
54,6vp741cxMvQMicJ3qZuLGQ,2nd Street Brew House,"Pubs, Beer, Wine & Spirits, Food, Nightlife, Bars, Restaurants, Beer Bar, American (Traditional), Sports Bars",Philadelphia,4.0,0.03958313124441471,0.01338443982892175,0.02465827842501093,0.03623969055462787,0.2712671122025194,0.6148673477445054
55,7HE_mWkvZ8GxsP0sLP-_ng,The PokéSpot,"Fast Food, Poke, Food, Restaurants, Hawaiian, Japanese",Philadelphia,4.0,0.44358770543169074,0.011554703623671322,0.08908559055735453,0.3647056370117028,0.07227841949367475,0.018787943881905852
56,7lwe7n-Yc-V9E_HfLAeylg,Pub & Kitchen,"Restaurants, Pubs, Food, Bars, American (New), Nightlife",Philadelphia,3.5,0.2758040951053886,0.0586023899076163,0.007109278932582417,0.06809036133991841,0.17891166204855888,0.4114822126659353
57,7n0qmplNMqPLkcRfI2_ieA,Minar Palace,"Buffets, Pakistani, Restaurants, Indian",Philadelphia,3.0,0.4166686711019974,0.004990614354396401,0.03434857345069256,0.061961676689912315,0.2739074591409035,0.20812300526209787
58,7z16CBc74GhbyqalwZrJUQ,Ting Wong Restaurant,"Noodles, Asian Fusion, Restaurants, Chinese, Seafood",Philadelphia,4.0,0.3890877528779823,0.244960829245308,0.002603819836749302,0.12683708542853725,0.20171556552741313,0.034794947084010014
59,8HAs-c3bh_tr4ggiYAlZng,sweetgreen,"Soup, Salad, Vegan, Restaurants, Vegetarian",Philadelphia,3.5,0.4502783872322858,0.027849614957220492,0.08186235706899478,0.25626058434358817,0.1043018070177068,0.07944724938020399
60,8VfQxXmbPdn8zvsVpYcBWA,Cafe L'Aube,"Food, Internet Cafes, French, Bakeries, Cafes, Coffee & Tea, Restaurants",Philadelphia,4.0,0.17406598286523042,0.029089879374552305,0.017152022090694694,0.34868456338190223,0.32305766240222933,0.107949889885391
61,8pqdJjefYq-a9IBSJJmKwA,The Dandelion,"British, Restaurants, Gastropubs, Bars, Nightlife",Philadelphia,4.0,0.3571042206811413,0.06770610656990723,0.013218057533045339,0.1039569354827977,0.2441695992469666,0.21384508048614184
62,97BnuM-u5MwG71m_s9p4Iw,Potato Corner,"Food, Food Stands, Chicken Wings, Restaurants, Fast Food, Specialty Food",Philadelphia,4.0,0.29720702722662096,0.4726636342014536,0.03957152886117861,0.0,0.0,0.19055780971074682
63,981Xj6Sey1CjyP6WQ70lzg,Waterfront Gourmet Cafe & Deli,"Coffee & Tea, Cafes, American (Traditional), Restaurants, Caterers, Sandwiches, Event Planning & Services, Food, Delis, Bagels",Philadelphia,4.0,0.13004713623730305,0.17321637303454976,0.022186945053489643,0.20559601581104495,0.46895352986361266,0.0
64,99zoELPcbwRBUqiPoaPqiQ,Bold Coffee Bar,"Coffee & Tea, Food, Cafes, Restaurants",Philadelphia,5.0,0.29647708613233514,0.0,0.04095049944207101,0.1245350983109858,0.3562966462701498,0.18174066984445833
65,9JSv_XGIjTt_uwE6fVctMQ,Marathon,"Restaurants, American (New)",Philadelphia,2.5,0.35767278894162974,0.0026858796765475345,0.02112510419545029,0.40250916392042724,0.0022281719095172407,0.21377889135642794
66,9RmCMNxgGe7vX5MYF_TM4Q,Wawa,"Restaurants, Sandwiches, Coffee & Tea, Delis, Food",Philadelphia,3.0,0.15366920005335438,0.0,0.021145121048975868,0.258627740794808,0.38893536786028876,0.17762257024257302
67,9THOqAjKxNGHYVqobMEVWA,The Crocodile,"Nightlife, Arts & Entertainment, Food, Pizza, Restaurants, Beer, Wine & Spirits, Bars, Music Venues, Lounges",Philadelphia,3.5,0.04824017049315535,0.0,0.3819978984147695,0.24169331209075176,0.0,0.32806861900132334
68,9c7MUiE6VI8NesjPdj5FkA,Bubblefish,"Restaurants, Sushi Bars, Japanese, Bubble Tea, Taiwanese, Food",Philadelphia,4.0,0.5172638814628302,0.013044990195653965,0.007327769908318272,0.15473778921007247,0.19951756131684037,0.1081080079062847
69,9ciFIt5951W-InCyYqs0CQ,Cucina Forte,"Restaurants, Italian",Philadelphia,4.0,0.5946000554214935,0.0028570979530751594,0.041960525996520545,0.07061780207757869,0.24740660402330913,0.042557914528022885
70,9gObo5ltOMo6UgsaXaHPWA,R2L,"American (New), Lounges, Nightlife, Cocktail Bars, Bars, Restaurants",Philadelphia,3.5,0.3227788505846412,0.10772979569693822,0.0044053027764710765,0.03520891269450113,0.37988074113194475,0.14999639711550364
71,9ggTidLF9LPNdyWdCGtrYg,Gooey Looie's,"Sandwiches, Cheesesteaks, Restaurants, Delis",Philadelphia,4.5,0.1496418280243328,0.5477229861029539,0.03165813125116491,0.18645740748997455,0.0550491642350411,0.029470482896532802
72,9mA9qYqiv4c0T9ASid3PIQ,The Capital Grille,"Seafood, Restaurants, Wine Bars, American (Traditional), Italian, Steakhouses, Bars, Nightlife",Philadelphia,4.0,0.3365302422882775,0.09932176180938777,0.006397730184062753,0.05545268547704307,0.35698971875696645,0.14530786148426245
73,9wTSBQFqVWbq-NEikPAs_g,Fudena,"African, Food, Food Delivery Services, Restaurants",Philadelphia,5.0,0.5876885198759461,0.0,0.03487634031508058,0.0,0.37743513980897336,0.0
74,AAvoBxeUwDnD5ThE9Cz6Fg,L'anima,"Italian, Seafood, Mediterranean, Restaurants",Philadelphia,4.0,0.5082459958062513,0.011091768454375114,0.0348664481001872,0.02062871923233739,0.3367321075875463,0.08843496081930274
75,AY1SyySRyTnBwBdf7qfGxQ,Citi Market place,"Grocery, Vegan, Food, Vegetarian, Convenience Stores, Restaurants",Philadelphia,4.5,0.11156211457079292,0.3231615047164231,0.019337619323253126,0.35983125543553307,0.13292753248803632,0.0531799734659615
76,AvdhZ3RgY3xJbW-JMACcMg,J C Chinese Restaurant,"Restaurants, Chinese",Philadelphia,2.0,0.32549326273790985,0.0,0.036785235349285586,0.18412601852729596,0.2942342532311398,0.15936123015436876
77,B08ELtRljjxnefQ3ayqUZg,SOHO Pizza,"Pizza, Restaurants",Philadelphia,3.5,0.0,0.0,0.0,0.6585385566858414,0.0,0.3414614433141586
78,BM92j54mc-c-6MWqWSimRw,Dmitri's,"Restaurants, Mediterranean, Greek, Seafood",Philadelphia,3.5,0.5347732006058359,0.012419501792105166,0.037305469285624206,0.17756423458257284,0.19998739308795982,0.03795020064590198
79,BUEx8JCXx5v81EEVAIUC-Q,Parkway Corner Deli,"Bars, American (Traditional), Beer Bar, Restaurants, Sandwiches, Beer, Wine & Spirits, Nightlife, Breakfast & Brunch, Delis, Food, Grocery",Philadelphia,4.0,0.0,0.0,0.05860962409980397,0.23885534508769973,0.1895640207951444,0.5129710100173519
80,BfQ4W2cNB2ZSd7yaAhE_BA,PHS Pop Up Garden,"Parks, Active Life, Beer Gardens, Mexican, Local Flavor, Restaurants, Nightlife, Bars, Beer, Wine & Spirits, Food",Philadelphia,4.5,0.16283647113246794,0.019900171573855017,0.011813015098969058,0.17284448424808938,0.1524340106989083,0.48017184724771034
81,BnprLJ4Lr33--YjTmgk9Zg,Doma,"Restaurants, Korean, Japanese, Sushi Bars",Philadelphia,4.0,0.5274874242103568,0.03983427411221674,0.012150403164664206,0.12784351100978503,0.26116208105319455,0.03152230644978267
82,Bze5Vj4MmcE0KHGy346xqw,Gyro Express,"Mediterranean, Restaurants, Pakistani, Halal",Philadelphia,5.0,0.07704634374889913,0.01313455632907834,0.1293063400968561,0.04557970757187869,0.7349330522532878,0.0
83,C6ZTVm4BmpazpUTNzgVSqw,Subway,"Restaurants, Sandwiches, Fast Food",Philadelphia,3.5,0.3210346942576831,0.2365236227412818,0.0,0.18699813228162074,0.22739111560031325,0.02805243511910116
84,CNVC7kz8xTaRMOiE7XdEQw,26 North BYOB,"Restaurants, Seafood",Philadelphia,4.0,0.4393984436325262,0.0,0.0,0.0,0.47602179874214456,0.0845797576253291
85,CU0yiz9rIm6cBkdCGFwJiQ,Waterfront Gourmet Cafe & Deli,"Sandwiches, Cafes, Delis, Restaurants",Philadelphia,4.0,0.21757740301162076,0.25874019663465525,0.01174859613965388,0.06824050381235117,0.2979137038655213,0.1457795965361977
86,CY9cIgT7EU0ot-3WyiOAiw,Mama Angelina's,"Restaurants, Pizza, Sandwiches, Cheesesteaks",Philadelphia,3.5,0.08229080706941068,0.15239873366284906,0.6959724526743439,0.01992445481718582,0.008911175178313071,0.040502376597897446
87,Cfpv0IjS0lI4CgF1fpbF_w,The Original Snockey's Oyster & Crab House,"Seafood, Restaurants",Philadelphia,2.5,0.2855579210583154,0.006944413739816578,0.01214569686175495,0.1846275296066937,0.1588048314730671,0.35191960726035226
88,CiTYWOKcXTZYztsT43wb5g,Tela's Market & Kitchen,"Specialty Food, Food, Breakfast & Brunch, Restaurants, Salad, Sandwiches, Grocery, American (New)",Philadelphia,4.0,0.2426904776374428,0.06143117144229317,0.01597194290512338,0.40294492895538414,0.22000393974691526,0.0569575393128412
89,Cmfs_i-FtaR6O1C07OEcOg,Dock Street Brewery South,"Venues & Event Spaces, Event Planning & Services, American (Traditional), Restaurants, Breweries, Brewpubs, Food",Philadelphia,3.5,0.025554914775675182,0.029725335092223453,0.25098309947814657,0.09533199868909661,0.3932136829302866,0.20519096903457157
90,CpBuc0aSueBpTXce3fJoRQ,Fiore Fine Foods,"Restaurants, Food, Pizza, Cafes, Bakeries, Desserts, Breakfast & Brunch, American (New), Italian, Coffee & Tea",Philadelphia,4.5,0.6195619909278983,0.13506189233308633,0.00913911339288158,0.09757274364307657,0.10738482830105715,0.03127943140200008
91,D4DZztR7vkbiED6txGUYFg,Red Kings 2 Restaurant,"Nightlife, Karaoke, Food, Szechuan, Chinese, Restaurants",Philadelphia,3.5,0.6738770862303283,0.0,0.05137499357765831,0.1693944614977661,0.08117338572674178,0.024180072967505475
92,D4PD-ZKV06keByyoouJzhg,Mack's Boardwalk Pizza,"Food, Pizza, Restaurants",Philadelphia,3.0,0.06456528361164497,0.0603422494597587,0.6874297677887738,0.0416776544133148,0.005621027042553222,0.14036401768395443
93,DJJtybSWY0BygESsSrabqg,Texas Wieners,"Breakfast & Brunch, Restaurants, American (Traditional), Burgers, Food, Hot Dogs",Philadelphia,4.0,0.24155018760344182,0.531441358861446,0.09036349130202659,0.07994225598786071,0.030251963761452224,0.026450742483772646
94,DKXeB-JIou5XPI49CzITuQ,China House,"Restaurants, Chinese",Philadelphia,4.0,0.3379685151812842,0.2849015738418881,0.03808433217665638,0.09461110882005137,0.2444344699801201,0.0
95,DRr5xdfHtqgWfhmdTU1B8Q,London Grill,"Breakfast & Brunch, Italian, Restaurants, American (New)",Philadelphia,3.0,0.3634713247480987,0.06521750473326253,0.009158300752641804,0.08208726276911714,0.23512141166715536,0.24494419532972447
96,D_JgJY5V54i0EYOdTHmWlg,Toast,"Food, Restaurants, Coffee & Tea, Breakfast & Brunch, Cafes, American (New)",Philadelphia,3.0,0.5012736875910968,0.05047199749036758,0.015953833384638114,0.21478737786216406,0.16987097950326022,0.04764212416847322
97,D_jS6w2j1mFzb2KoYncCaA,NBC Sports Arena,"Nightlife, Sports Bars, American (New), Bars, Restaurants, Food, Beer, Wine & Spirits",Philadelphia,3.5,0.18932923830363246,0.049519010827730886,0.009222613640112256,0.14392235545319457,0.31489356219259107,0.29311321958273867
98,DsKzHnkLKnxZTVsFpts4oA,Red Owl Tavern,"Breakfast & Brunch, American (New), Restaurants",Philadelphia,3.5,0.3594947910012812,0.1387946739486298,0.010810278269788396,0.06377115529833281,0.242476724635839,0.18465237684612884
99,Duf-k9b1xpuK33BGCLWQ6w,Quetzally,"Restaurants, Latin American, Tex-Mex, Mexican",Philadelphia,4.0,0.33578973322988404,0.014468457147125184,0.028484137439268822,0.18896943062851895,0.32923737738827047,0.10305086416693253
100,E-DcL1u330qwvoxXhipmUQ,George's Sandwich Shop,"Italian, Cheesesteaks, Restaurants, Sandwiches",Philadelphia,4.0,0.15265094836191512,0.7662837885134194,0.010805680607493848,0.0,0.06921791275996214,0.0010416697572095358
101,E8jXRCHPjcUTFboBPQY6LQ,Mifflin Tavern,"Gastropubs, American (New), Breakfast & Brunch, Restaurants",Philadelphia,4.5,0.18855819929007578,0.06898393083782682,0.031734663111795715,0.16082519254396196,0.2480884285172417,0.30180958569909805
102,ES5-3q2LzvChQWlhbFCZWw,Tacos California,"Restaurants, Tacos, Mexican",Philadelphia,3.5,0.6140235261261604,0.0,0.08910136952712325,0.018719897781783307,0.20596491228347302,0.07219029428146014
103,EUnnoesZTelOv_bT4GvZjg,Tony's Deli,"Delis, Diners, Restaurants, Breakfast & Brunch, Caterers, Event Planning & Services",Philadelphia,4.0,0.2815594272677046,0.0,0.13433030093418144,0.4053545483578968,0.1787557234402172,0.0
104,EhotxJEJxpMgCJ0F82Buvg,The Olde Bar,"Breakfast & Brunch, Restaurants, Bars, American (New), Lounges, Cocktail Bars, Nightlife, Seafood",Philadelphia,4.0,0.2595826305584633,0.0225378468631745,0.007076914598696042,0.04696894575312391,0.09958553476562676,0.5642481274609155
105,EmIrNcZkTUF3mhoWQAT6Bg,Jyoti Indian Bistro,"Restaurants, Indian",Philadelphia,4.0,1.0,0.0,0.0,0.0,0.0,0.0
106,EreYgrQPuR7Sk_FKeZZg9g,Talula's Daily,"American (Traditional), Food, Bakeries, Specialty Food, Restaurants, Bars, Ethnic Food, Cafes, Beer Bar, Coffee & Tea, American (New), Nightlife",Philadelphia,4.5,0.3933392021328177,0.07567037498449383,0.01071280094566105,0.19900599243486378,0.22293740530728584,0.09833422419487778
107,F00qGEKYhqD43At669lcjw,La Stanza,"Bars, Restaurants, Nightlife, Cocktail Bars, Italian, Seafood",Philadelphia,3.5,0.5044240274090114,0.0,0.0036543733511902226,0.0918919729076768,0.38087669085392595,0.019152935478195594
108,F8yozE3NWnImNApHO347gQ,Marrakesh,"Restaurants, Mediterranean, Moroccan",Philadelphia,4.5,0.524599769964575,0.008618856154256402,0.008006420843631495,0.1675249224249301,0.23715191450817144,0.054098116104435566
109,FClTbPhPbslS8uk0p8leOw,Pumpkin Market,"Restaurants, Food, Sandwiches, Breakfast & Brunch, Grocery, American (New), Cafes",Philadelphia,4.0,0.353727352226643,0.0793384532803897,0.017910284337188644,0.3729757887197028,0.11675491251705195,0.059293208919023885
110,FFaf8mspfggNqmKAdk6tQQ,Turbo Thai ,"Restaurants, Thai",Philadelphia,4.5,0.8619806209913041,0.0,0.0,0.1380193790086959,0.0,0.0
111,FImeJg7pVG9K7wjuexmV4Q,Pass & Stow,"Pizza, Beer Gardens, Bars, Nightlife, Pubs, Restaurants",Philadelphia,4.0,0.10847729147708718,0.0,0.0,0.0,0.5782555113201141,0.3132671972027988
112,FP5fr2zUeTEhI4-TGEeVCA,Vietnam Express,"Vietnamese, Sandwiches, Juice Bars & Smoothies, Restaurants, Bubble Tea, Food",Philadelphia,4.0,0.279985922602714,0.22777593796668993,0.014321560103510503,0.22646242039855663,0.09881944987313457,0.15263470905539442
113,FnEkr6LzjuGsg93Z7fkl7Q,Misconduct Tavern,"Bars, American (New), Nightlife, Restaurants",Philadelphia,3.0,0.13620019502817635,0.13736679503722127,0.0,0.002546685301821641,0.23460356076968827,0.48928276386309255
114,G4y0HxePBgAYi3iJS_tUPQ,Chickie's Italian Deli,"Burgers, Delis, Sandwiches, Restaurants, Food",Philadelphia,4.5,0.1680310585935416,0.45931284844246434,0.028811233324897757,0.21312036835485598,0.07691976528274339,0.05380472600149699
115,GROalyyK79uPqR8GnwpRTw,Saigon Maxim Restaurant,"Chinese, Event Planning & Services, Vietnamese, Restaurants, Venues & Event Spaces",Philadelphia,2.5,0.19218149507719093,0.07356042947424497,0.020588275730260314,0.2062129145240344,0.19035709419905952,0.31709979099520974
116,HAUzjmv7YWHulWLsgdgmIw,Ten Asian Food Hall,"Asian Fusion, Japanese, Restaurants, Ramen, Bubble Tea, Poke, Food",Philadelphia,3.5,0.5711306483453436,0.040108551547797106,0.011478714377411886,0.18656938587441935,0.0977018315496078,0.09301086830542028
117,HI9RLpYxQa3IcVZ2wVvJzQ,Charley Dove,"Mediterranean, American (Traditional), Restaurants",Philadelphia,4.0,1.0,0.0,0.0,0.0,0.0,0.0
118,HxX6dXDeAOpkUPT4xT1wiw,Hokkaido,"Japanese, Asian Fusion, Sushi Bars, Restaurants, Thai",Philadelphia,3.5,0.045612348391140804,0.0,0.0,0.0,0.8283475566125024,0.12604009499635688
119,INzXxeWaJD0dXM5mi6bP3Q,El Zarape,"Restaurants, Mexican",Philadelphia,3.5,0.5089573165127945,0.0,0.005327458347887042,0.17888011055410036,0.2778910674941621,0.028944047091056035
120,IU6FsZm-1BAEymLBYJ_PMQ,Mattei Family Pizza,"Pizza, Restaurants",Philadelphia,4.5,0.12370303706142194,0.01758734691109777,0.5636934091760101,0.05164418080832398,0.13791131306964424,0.10546071297350201
121,Ipkx4Sa7ybn8C6LtTqTztw,Double Knot,"Nightlife, Sushi Bars, Cafes, Japanese, Bars, Restaurants",Philadelphia,4.5,0.3857048007411295,0.04896189553880297,0.0038715458790330244,0.08913313080366243,0.25529067195086547,0.21703795508650658
122,Iq5svbpQv05faAs1i4G-IA,Johnny Chang's,"Restaurants, Thai, Japanese, Chinese",Philadelphia,3.5,0.8711965519500064,0.0,0.03127006709349973,0.0,0.09753338095649389,0.0
123,Iyopb5uFIBT_HOgp8ipSfw,Le Viet Restaurant,"Vietnamese, Restaurants",Philadelphia,4.0,0.43306521149821386,0.03453019177569366,0.004995889761263627,0.14242461971033749,0.2753827428567211,0.1096013443977703
124,J14P8Bo0yDYYXyASbht5xQ,Huff & Puff BBQ,"Barbeque, Restaurants",Philadelphia,4.5,0.10865956791075464,0.14848067707782134,0.02035820070308231,0.17846413809382475,0.4300369955709238,0.11400042064359317
125,JUiwOZynj3Wid_spJoxUug,Breezy's Cafe,"Vegan, Vegetarian, Cafes, Restaurants",Philadelphia,4.5,0.2652505052742098,0.4369278900791929,0.05492915288692577,0.09507410800952004,0.12313857984720344,0.024679763902948
126,Jmm8H0GCKaLtKOEM1brLeA,Moe's Hot Dog House,"Restaurants, Hot Dogs, Diners",Philadelphia,4.0,0.27347473065561767,0.28330459746478287,0.21188770145186284,0.23133297042773665,0.0,0.0
127,K1PVi_o6gMkuASnnFR9hWw,Good Day Deli,"Restaurants, Delis, Sandwiches",Philadelphia,4.0,0.0,0.1428026715043747,0.0,0.4952485473726688,0.3619487811229564,0.0
128,KUYLBfW9vRNmhBn5mmRSQg,Adobe Cafe,"Restaurants, Wraps, Nightlife, Tex-Mex, Bars, Sandwiches, Breakfast & Brunch, Mexican",Philadelphia,4.0,0.3386750643325411,0.0,0.0,0.25981464016605166,0.40151029550140727,0.0
129,KZyyoQ_nxLMyzO4d_Ts-NQ,Tacos El Rodeo,"Food Trucks, Food, Mexican, Street Vendors, Restaurants",Philadelphia,4.5,0.28830046656681535,0.2299948189402441,0.020109318974640248,0.17387550053333944,0.15452519510819704,0.1331946998767638
130,KzSL2VzyT7bdHd0bhMyanw,Da Vinci Ristorante,"Restaurants, Italian",Philadelphia,4.0,0.1428078666929024,0.01912069760000178,0.01345597998369046,0.19746159575439237,0.5901372177372103,0.037016642231802746
131,LM54ufrINJWoTN5imV8Etw,John's Roast Pork,"Sandwiches, Salad, American (Traditional), Cheesesteaks, Breakfast & Brunch, Active Life, American (New), Beaches, Restaurants",Philadelphia,4.5,0.050931734314598166,0.7484837374999692,0.01120190186889274,0.10134796022123412,0.04746316663121273,0.040571499464093067
132,LzVvcVm48zYIcQnwLKt1oA,Catahoula,"Bars, Restaurants, Cajun/Creole, American (Traditional), Breakfast & Brunch, Barbeque, Nightlife",Philadelphia,4.0,0.34986280094254874,0.05574756841212428,0.017679814561265404,0.0669225740887709,0.2617364182600638,0.24805082373522688
133,M-7oMEiSskwElF4PRh5UKg,Smokes Poutinerie,"Restaurants, Chicken Shop, American (Traditional), Poutineries",Philadelphia,4.0,0.4568786062474335,0.14466944637874718,0.03541587029014828,0.20119973088583318,0.07583380144666862,0.08600254475116927
134,M0NNxVaepbnGSHQEXyxt8Q,Chiarella's Ristorante,"Italian, Restaurants",Philadelphia,4.0,0.3708417838619798,0.040956410363875345,0.04056047338543545,0.0,0.5476413323887094,0.0
135,M3XidaggiVRg2g0miuBn-g,Thai Chef & Noodle Fusion,"Vietnamese, Vegetarian, Thai, Restaurants, Vegan",Philadelphia,3.0,0.5171726838857106,0.0,0.0,0.11694610583444398,0.2964025372130363,0.06947867306680922
136,MMs3kznm5GqTlie0vTnYzg,Antney's Grub,"Restaurants, Italian, Sandwiches, American (New)",Philadelphia,3.5,0.10568895545747452,0.33042304591996097,0.1268067197048607,0.3189680066163242,0.09621954757820578,0.021893724723173958
137,MNv5nQf1KgTUi7zFeDEazA,20th Street Pizza,"Vegan, Restaurants, Pizza",Philadelphia,4.5,0.10331253508214133,0.027268792465325552,0.7708229813803967,0.06504986742902508,0.03354582364311125,0.0
138,M_EpyAH1CZZVlhxfYBLOqg,Nomad Pizza Company,"Pizza, Italian, Salad, Restaurants",Philadelphia,4.5,0.07920406320516442,0.047505683444593015,0.635121988061765,0.03817261053977344,0.08301096683480101,0.11698468791390307
139,Mwc3n5Psw9wRaQ22vZWDYQ,Bar Hygge,"Food, Restaurants, Breweries, Comfort Food, Brewpubs, Breakfast & Brunch, Gastropubs",Philadelphia,4.5,0.21878385489146396,0.046946438008853175,0.011680678597510562,0.0891415622217517,0.24094680596211365,0.39250066031830694
140,N5xoEy9GLtHDvCLa8dMgyA,Felly Bistro On Pass,"Spanish, Puerto Rican, Restaurants, American (New), French, American (Traditional), Caribbean",Philadelphia,4.5,0.5369768052795231,0.07452019514606252,0.06766844854828448,0.004167482626725196,0.3166670683994047,0.0
141,N6t1bTuWAfgYKVmdQf53lA,Old Nelson Food Company,"Restaurants, Food, Convenience Stores, Delis",Philadelphia,4.0,0.1792266426207994,0.09640797398696369,0.027113700417364488,0.2631431040659452,0.07903464646554784,0.35507393244337937
142,NAfITNb2HzObDVktNs3DmA,Kay Kay's,"Pizza, Cupcakes, Food, Cafes, Restaurants, Bakeries, Custom Cakes",Philadelphia,4.5,0.5,0.10168116629569414,0.0,0.17655504816719883,0.22176378553710696,0.0
143,NDIiNcJZpdoQpXGXl7IA2Q,Los Camaradas,"Mexican, Restaurants",Philadelphia,4.0,0.17652833773181453,0.05255021554922496,0.014140471821616185,0.006691967876200571,0.22513142851384396,0.5249575785072997
144,NDb1YaV6Dls7SRW6dPtIOQ,Spiga,"Italian, Restaurants",Philadelphia,3.5,0.1990519933034397,0.06675520001403451,0.22144893827278184,0.12549733500976443,0.1096057266378643,0.2776408067621153
145,NUExM8_IQMh1csfeWs3PyQ,Hi Kori,"Bars, Japanese, Restaurants, Nightlife",Philadelphia,4.5,0.0927252890811238,0.0033600709737555447,0.007389195374710932,0.12834813346296498,0.2820080210955077,0.486169290011937
146,NWF16GKQyZNVHo086gIVzQ,Kamals Middle Eastern Specialties,"Middle Eastern, Food, Restaurants, Mediterranean, Juice Bars & Smoothies",Philadelphia,3.5,0.3864620348675607,0.04326022993950137,0.03000492249780874,0.3254825542422238,0.14888185834604592,0.06590840010685946
147,NXq1TC8CjIQ_2HWMSoN2Mg,Tweed,"American (New), Restaurants",Philadelphia,3.5,0.2761923080161007,0.16623146628668656,0.011263653323359582,0.019988899768355738,0.3216140955096861,0.20470957709581128
148,NaRqFZ_l3LCHnX9j2TND-Q,Saladworks,"Vegetarian, Salad, American (Traditional), Soup, American (New), Sandwiches, Restaurants",Philadelphia,2.5,0.5166062419632349,0.02810317590374947,0.0823154171272125,0.3729751650058032,0.0,0.0
149,Njv2-eMDyGEWEPEOVonwsA,Le Pain Quotidien,"Belgian, Coffee & Tea, Bakeries, Food, Breakfast & Brunch, Restaurants",Philadelphia,3.5,0.3166726769512865,0.05974692618494735,0.02840693521022492,0.1423514301476626,0.4076148567541852,0.04520717475169344
150,O0fPPPMQYSFZIaUBnkGXFQ,Kim Van Grocery And Deli,"Food, Grocery, Restaurants, Delis",Philadelphia,4.5,0.0,0.0,0.0,0.5692596832340096,0.42579454054719873,0.004945776218791777
151,O0jIkgflIoU-PYNydIuMeQ,13 Restaurant,"American (New), Nightlife, American (Traditional), Restaurants, Buffets, Bars, Steakhouses",Philadelphia,3.0,0.3238899873967519,0.0759783225662321,0.1425052774130185,0.04554703746685173,0.14766578664666952,0.26441358851047625
152,OjM_Q540jV0AHKCLOX7gHA,Panera Bread,"Restaurants, Soup, Salad, Sandwiches",Philadelphia,3.0,0.23956939555319648,0.06314961299492787,0.012240000114506678,0.14356273891620733,0.33923051506555546,0.20224773735560617
153,OmZZS72yQcPyqEDPCA3EVA,Golden Lake,"Asian Fusion, Restaurants, Chinese",Philadelphia,3.0,0.28296725239805237,0.02364280318648247,0.04378214568412447,0.385648091091753,0.24579305720102115,0.018166650438566436
154,Ou-_OQUNvBcaAoRU0XPtaQ,Jamonera,"Iberian, Wine Bars, Spanish, Nightlife, Latin American, Bars, Restaurants",Philadelphia,4.0,0.4643539135593821,0.03651891474657074,0.008057709539223109,0.06311453337931563,0.16932632384020505,0.2586286049353033
155,Oun4NN-u5yiHIxDqtJnxgA,Federal Donuts,"Restaurants, Korean, American (Traditional), Breakfast & Brunch, Donuts, Food, Coffee & Tea",Philadelphia,4.0,0.5191281909108236,0.06314793555538421,0.028371311536372592,0.31573526940491004,0.05688476614065589,0.016732526451853705
156,PDGyduDCysMP5L__5BnYJA,The Board & Brew,"Nightlife, Arts & Entertainment, Restaurants, Beer Bar, American (New), Bars, Coffee & Tea, Breakfast & Brunch, Food, Sports Bars",Philadelphia,4.5,0.11296688351042557,0.0,0.005346511842620955,0.2194633796587267,0.07230441680084672,0.5899188081873801
157,POuaebsAeCyNx-8qZ3O7XQ,Shang Hai 1,"Taiwanese, Chinese, Shanghainese, Restaurants",Philadelphia,4.0,0.49929866214711716,0.1274292326552637,0.026410618904618828,0.10461824487962235,0.2054425111695156,0.03680073024386238
158,PjM3l8M_ViW0264mrzuSlg,Gayle,Restaurants,Philadelphia,4.5,0.48321772965962606,0.00530599190014028,0.03747888604394182,0.08505150929343692,0.2603069537207357,0.12863892938211932
159,Q8UJnXmY-_tuxdOaJozmFA,Port Fednuts,"Restaurants, Donuts, Food, Chicken Shop",Philadelphia,4.5,0.3280785850045474,0.466151658649684,0.036389432699018266,0.05128249079459052,0.0217601573730903,0.09633767547906942
160,Qt_gJJ0BmFB1lwfp1XS-sw,Giuseppe's Market at Samuels and Son Seafood,"Restaurants, Seafood Markets, Food, Specialty Food, Seafood",Philadelphia,4.0,0.4422866012008522,0.0,0.024809840727501507,0.3634280837647537,0.1501331156691208,0.019342358637771753
161,R17gwW6zn9ilslbdvKdgsg,Alma de Cuba,"Latin American, Nightlife, Cocktail Bars, Caribbean, Cuban, Restaurants, Bars",Philadelphia,4.0,0.41551016177556344,0.061672944972626376,0.007253180794366391,0.05316088737975014,0.3165668983888319,0.14583592668886178
162,R3FDYMQBrMpkUquwE-eniQ,The Continental Restaurant and Martini Bar,"Restaurants, American (New), Lounges, Nightlife, Bars, Breakfast & Brunch",Philadelphia,4.0,0.39765174881289916,0.10047284969659646,0.008265642670115241,0.09887976490342654,0.2516493512044894,0.1430806427124732
163,RWUDd17xCotH62C5gs7fzQ,General Tsao’s House,"Restaurants, Chinese",Philadelphia,4.5,0.3697439499016873,0.00693232704700181,0.0,0.2179582313215077,0.40536549172980313,0.0
164,Ri6-mK1e2-IjQAWBtZ7-qQ,Celebre Pizzeria,"Pizza, Caterers, Event Planning & Services, Restaurants, Sandwiches",Philadelphia,3.5,0.03677184447980978,0.012066189774589928,0.8307463165883231,0.02578934160397637,0.06445109581927277,0.030175211734028075
165,Ri_k9eVAKZPn3qH39frvWw,Sang Kee Peking Duck,"Chinese, Restaurants",Philadelphia,3.5,0.2517251644315839,0.16050528759166421,0.0,0.3260283841959453,0.1811285433185426,0.08061262046226393
166,S1FwTmCAwv5ulu5gToWi_w,RIM Cafe,"Specialty Food, Food, Restaurants, Desserts, Gelato, Chocolatiers & Shops, Coffee & Tea",Philadelphia,4.5,0.37404229849677023,0.06630365806882015,0.017767267257614607,0.36187595851604415,0.07484643265271476,0.10516438500803613
167,SAi55UwRNKZbVJAXh0PFIA,Fat Joe's,"American (New), Breakfast & Brunch, American (Traditional), Restaurants",Philadelphia,3.5,0.2777896894034256,0.11375268785740268,0.1038655385278801,0.2946327588505056,0.1871524741370527,0.022806851223733344
168,SCjUeZfjafJ88fWWQjRh2w,El Rey,"Restaurants, Lounges, Bars, Mexican, Nightlife, Tex-Mex, Breakfast & Brunch",Philadelphia,3.5,0.3502562228997691,0.0324650994014167,0.011888929117027509,0.09148757038173222,0.2199996038791536,0.29390257432090094
169,SIoCIxjn4jLt2O-4DajWJw,Mac's Tavern,"Nightlife, Restaurants, American (New), Bars, Pubs",Philadelphia,3.5,0.131970646096357,0.1738106486949092,0.023655088979771605,0.08677236307270525,0.19265961827225317,0.39113163488400376
170,SYb7oCytGSV6a3RnSFnE1g,Naked Chocolate Cafe,"Chocolatiers & Shops, Coffee & Tea, Specialty Food, Candy Stores, Restaurants, Desserts, Bakeries, Food",Philadelphia,4.0,0.3031103686949514,0.009615155025387845,0.011101515285988022,0.4033490860939085,0.04737779740345362,0.22544607749631057
171,T6S3ANFsbrl_1Q6ow-7XYA,The Gold Standard Cafe,"Breakfast & Brunch, American (New), Vegetarian, Restaurants",Philadelphia,4.5,0.28170721927396136,0.041485934265919205,0.008828828383903706,0.18469352837223993,0.45903919888654066,0.02424529081743506
172,TCROPjxfzCZzrQjqLqstSg,Red Cup Cafe & Hookah Lounge,"Coffee & Tea, Hookah Bars, Nightlife, Bars, Food, Restaurants, Cafes",Philadelphia,4.0,0.25067546612617314,0.046951263093269066,0.01828831897890808,0.22881297548402307,0.3447996258579802,0.11047235045964646
173,TE2IEDNV0RcI6s1wTOP4fg,Tortilleria San Roman,"Convenience Stores, Italian, Specialty Food, Mexican, Restaurants, Food",Philadelphia,5.0,0.2861640157871928,0.030288923099053004,0.03287091708461585,0.3137108399811306,0.2819282732854428,0.05503703076256491
